MATRIZ A: 
819 1511 1477 787 304 2143 2101 1921 2231 1079 2190 718 211 1491 1288 2328 1674 1118 1889 1144 2123 1280 1667 2389 735 895 1621 364 1740 1518 2267 1634 1380 1122 1870 321 130 1611 2031 2595 906 268 2169 286 2670 642 1299 1508 2207 2048 1814 2523 
2622 153 1606 1970 1405 681 380 576 238 77 1624 2057 1105 1939 1355 1450 535 1203 104 2678 2093 551 107 777 218 1783 2703 248 2581 693 1743 739 604 1792 509 1907 2240 1308 1714 2000 2246 1545 1960 577 823 885 2151 1320 623 1429 8 473 
1605 327 1546 2178 656 1550 1002 1559 811 28 1782 141 1452 2254 845 969 1472 1051 114 1877 2467 1756 1857 2684 1168 416 399 1245 1585 2049 1268 56 487 1345 1690 266 217 484 424 771 2215 567 1089 1488 748 1282 1269 545 965 2444 513 529 
979 1646 645 280 291 2489 1260 1984 9 1586 606 1353 1538 389 236 1437 2541 1688 442 1715 1940 12 178 960 759 2410 1919 1996 2620 203 1560 784 1279 1934 261 1980 2551 2134 889 1404 1115 2217 1489 1494 2589 2078 2354 2204 1981 1276 490 2462 
539 2326 1116 351 929 2527 358 325 920 1532 533 347 2250 48 907 1140 1142 2022 2255 252 1863 553 1850 42 96 161 975 2689 1183 235 2568 118 11 628 597 1174 780 265 1542 867 2570 460 731 1906 2402 170 1622 943 894 1758 1003 1158 
1894 287 169 2491 2478 870 1709 2295 1454 2266 2501 1214 52 1977 2315 521 1014 2070 375 1064 1568 2030 995 372 190 466 1383 1430 323 1666 1243 897 1522 157 1535 1354 2437 1265 1872 1600 1463 1931 2080 592 904 1775 420 621 1161 2053 2642 1141 
666 1193 1893 2072 260 1520 259 773 1088 1244 336 421 515 563 1289 2382 1869 2163 2039 2383 799 891 1421 769 78 2194 1098 2355 38 2144 2288 423 2584 934 888 1387 464 2695 1749 2235 1145 1438 1177 1083 367 1464 1480 1093 694 986 650 486 
839 35 1459 1441 603 2672 2284 1794 2011 2407 2359 2171 1327 600 125 2396 2112 635 797 2379 601 2471 1840 633 2606 1363 1238 183 817 2643 2009 614 68 772 996 1084 2304 2657 582 916 671 962 1779 1125 2483 174 224 1013 165 2530 2575 171 
1821 927 1778 737 225 2556 97 2635 1723 572 162 922 1720 1041 1572 1500 709 2119 2549 245 471 1789 356 1030 798 1961 2412 824 1409 687 2516 878 371 982 355 1190 2679 163 1055 1291 1119 463 710 2230 734 1351 2683 6 2524 1476 937 1287 
2475 1108 1117 258 2211 1728 801 2095 1831 2291 1428 2498 1023 497 2253 1128 206 2162 1251 1015 1154 697 559 542 2609 688 1035 1133 232 593 1523 1104 627 1126 2227 1936 1952 900 91 646 1185 2341 827 1909 1446 2518 2443 667 2409 1641 649 2496 
1561 1687 1059 257 164 686 2343 518 318 2064 412 1950 1776 307 180 1057 2686 1502 1724 1069 578 763 1469 2449 2323 1011 931 1167 698 1215 2027 1650 514 1000 1465 340 903 1828 705 1841 1467 744 71 2298 249 716 2058 2548 1570 2569 2560 2036 
2305 1086 726 602 1484 2225 723 828 362 609 2342 1262 1223 1411 789 1072 2647 661 1637 717 1853 1256 1205 2375 1423 840 945 863 2653 2138 860 1343 1887 520 1085 1673 1434 825 439 2214 142 1684 1344 1596 2654 2116 2275 1953 1537 2079 1068 1691 
736 701 519 2636 1376 353 302 1882 112 1752 300 562 2357 2261 1914 973 2665 1348 1820 1323 1883 622 804 1229 2117 999 2128 2608 1184 1020 2639 821 168 882 2629 1897 966 2348 1957 1100 7 613 1912 915 476 1199 914 376 1798 2519 757 10 
2325 39 1954 1699 1181 795 1694 1657 590 712 1651 2037 2320 1341 1717 955 214 746 1210 213 1835 2366 443 2699 46 2287 1766 1248 2479 1264 647 1176 480 1471 493 2136 1879 1186 2044 496 2137 441 1436 1753 2286 750 1081 1526 2089 2041 1132 1339 
2675 1571 1194 2026 1120 2175 2677 905 1461 1412 1475 156 1900 2702 803 1652 274 1358 1056 1031 1311 1227 456 1179 1420 1016 579 230 1581 2164 105 450 700 472 1565 2573 140 1932 670 222 272 470 1549 147 370 1426 1832 631 1106 1431 126 1440 
250 2054 1342 1191 408 1224 1295 1786 23 1400 128 209 1250 1139 2380 1361 2319 2300 228 1692 886 1567 574 2050 1231 433 1322 264 431 1038 244 1519 1529 255 1112 2130 2014 1633 2115 2345 1908 285 1487 1811 1008 47 1236 639 1050 1744 677 779 
2403 278 566 595 2201 1582 1321 2222 774 629 753 617 76 1378 2007 210 2536 1134 1367 796 387 676 1290 988 2146 791 1780 2435 2376 1510 1313 2535 2090 776 836 1963 1859 488 1986 1337 135 1769 976 636 2466 1517 1838 846 1747 1718 2243 2433 
251 1590 1036 508 2188 560 337 1608 221 1063 970 410 1249 855 1370 1226 29 1315 220 1180 964 1433 1653 1649 2242 1060 1027 1230 1397 33 270 618 1898 887 2241 1010 79 310 397 1849 565 2432 2331 1455 1277 859 1189 615 2614 2322 972 1298 
2655 2166 2239 1848 1512 1009 2268 575 1922 1270 3 1574 1944 852 2473 743 2465 1516 1946 1312 1999 2033 1729 2010 237 1220 1257 1040 2458 1504 1716 398 2564 1726 2497 1143 1162 2312 1172 1458 1707 2174 283 1234 200 1328 864 239 923 1042 587 1413 
1274 2543 1012 1672 1669 1933 1032 53 1551 2460 909 2682 1211 2153 1217 949 2356 1362 1819 485 1767 2189 1178 21 971 1304 2336 1810 1806 2583 1805 2184 2109 2210 1485 1432 461 2411 1372 926 1204 589 1253 2649 2157 2500 1645 1556 2074 503 692 2448 
368 1612 2118 1926 1496 81 1711 1259 1742 740 452 901 2638 2099 2347 2532 2623 155 1332 1284 2397 722 1739 2077 1382 352 536 868 1466 116 2567 957 570 2324 952 1541 596 586 544 1101 684 1025 781 1296 1890 2602 477 1509 2436 1427 725 1394 
1046 2028 129 1594 2451 277 1923 2398 564 2334 699 1852 751 2371 1867 1916 1656 1305 2316 1654 2274 1693 2002 1925 620 1026 2490 227 1381 1357 829 1598 678 87 1599 216 616 854 1222 1822 66 25 2538 405 1681 1995 1524 800 2445 1044 1998 1175 
2161 1696 1751 1678 2282 556 655 552 133 57 1285 181 1874 755 876 2125 765 1763 835 1564 1615 506 2571 1065 1303 1956 1507 374 1237 1722 768 288 199 2578 2593 548 2196 2610 2170 1771 1505 849 1470 137 2486 738 339 1659 1087 928 2503 2393 
896 2470 813 1462 1895 1580 2333 2264 1668 1813 1005 1947 273 2265 1443 498 2110 2276 1930 223 767 1165 1107 2015 2303 1271 1796 1677 1373 2420 1710 396 1416 2542 1588 1725 507 2120 1173 1540 2283 394 1777 2308 75 193 1242 1719 862 84 1233 571 
936 2313 2317 1927 1991 1888 1136 2096 2327 651 1630 459 86 188 2525 2185 427 1555 411 1948 1150 1708 1314 844 2456 1182 1757 271 1481 659 2301 785 1395 1626 1399 2628 1968 1414 373 1052 1844 1528 1858 2611 2256 657 2667 1449 2431 192 2590 1325 
1812 82 1350 2459 2349 1973 468 1482 875 40 807 2152 2223 417 201 1349 425 2555 1602 1347 853 2251 1340 1613 954 111 1241 933 881 384 14 2249 2361 2198 298 1702 1171 2507 1902 2013 1153 2392 305 2270 99 1527 175 407 1640 530 1781 2668 
2091 1785 1544 792 1075 702 1094 2182 2224 1281 93 1092 956 316 1424 2052 938 1750 1294 1935 2003 2669 997 1329 121 2685 2673 1492 810 793 812 1478 2680 1958 2656 1675 1566 1762 1885 1843 312 2674 510 1037 2506 1816 2350 1297 113 2469 2664 1972 
350 580 664 1148 1067 269 36 1795 2364 1398 1074 2307 826 959 1982 2133 2113 328 930 2645 994 2019 2547 1983 1760 1515 1815 44 2697 1839 319 494 998 1187 2100 284 1899 865 2591 1979 34 1861 1663 414 1419 517 1147 2293 2257 2446 333 342 
2596 365 334 880 2094 127 2499 2493 1391 1997 782 1028 279 1514 74 2384 1701 1765 1846 262 1784 762 1077 158 1825 2563 2619 61 400 2637 393 1618 2426 1988 172 27 2574 2472 2233 13 1001 1213 1732 1053 2453 215 2229 453 1159 2442 395 324 
1499 2084 1293 902 531 2221 939 1232 492 523 1833 669 1929 2228 1573 354 483 64 1406 1435 950 524 329 1629 2289 2370 1804 1713 1591 359 733 2206 282 2021 2419 2025 630 1209 703 569 1866 2086 2520 2579 2046 2158 110 913 2029 877 1658 2427 
1660 1731 2135 554 1552 2663 2131 1275 834 2624 2601 166 1987 1603 528 899 2666 1854 1218 72 2405 2038 2372 1408 691 1557 1359 2108 2148 2690 816 469 1616 2111 403 1255 2529 136 2173 626 1604 919 2480 1818 440 1759 1071 838 1801 794 2278 866 
1856 242 2209 58 883 788 22 1151 1609 1880 632 331 167 658 2330 24 386 1617 1113 436 944 1745 315 1330 1642 516 1826 925 2104 713 391 1099 1746 2082 758 59 2404 430 1486 2055 1802 742 2510 2688 429 2485 2553 2513 267 2043 2051 932 
1665 2023 1460 1558 1978 2332 2582 2177 1390 1966 2430 311 1791 2047 2616 2526 871 1788 2105 2309 2440 715 481 103 2369 504 1539 1474 2024 275 30 2220 1901 1082 2615 1955 2598 1418 1319 296 1531 2502 558 653 139 1695 1318 662 683 1364 335 612 
2546 911 766 150 1263 1727 462 741 1860 1772 184 2545 1827 2367 2559 65 760 1917 682 2385 2600 1267 1152 186 1216 1614 191 1479 637 831 644 2401 2447 1949 212 1004 550 1676 1578 1252 1415 2060 1664 1636 1302 2662 1967 2069 1635 1066 1787 2512 
1845 974 1911 2557 2076 1062 2434 2247 1920 1741 5 154 1871 2428 1704 1273 1847 1197 1974 1945 706 94 707 2692 581 2018 690 2604 522 115 2296 1975 379 2059 2081 1884 775 1971 512 299 1748 1671 1375 764 415 1033 1278 534 1876 2521 665 2199 
2260 60 2167 240 2292 1061 1336 1239 2374 1473 2180 1102 55 2203 1360 610 1736 2234 842 502 1601 1662 43 98 2572 1021 538 2522 968 160 1221 2142 1114 851 1149 19 2232 1422 814 953 1985 1576 583 1989 4 2395 2482 1941 2281 306 2617 1121 
2259 198 73 1918 67 1915 1385 1830 721 1135 2034 17 2271 2129 910 1628 2172 2463 532 672 2147 719 1058 314 2337 2415 2066 1131 418 660 231 872 2599 2418 2576 2149 2114 2362 2484 1377 1039 561 1111 2612 884 2386 467 1583 1976 320 2509 2040 
1096 869 413 2107 2294 2652 2441 479 145 2310 2648 2311 1627 2179 344 1962 1207 2517 2302 1286 2318 1124 475 2062 2633 343 591 624 1525 1346 1730 893 1006 432 15 2481 695 951 1577 1593 745 2634 1091 1393 390 2577 1886 2216 458 1837 1735 858 
1022 1272 1910 146 1129 382 2238 187 182 2344 1597 594 832 1403 790 1913 346 2352 2625 1881 208 2124 1444 309 108 992 2085 1206 1755 2183 2580 584 2103 541 1396 847 179 1163 1554 841 2613 303 727 611 1097 2477 437 1770 20 668 1703 1689 
1 2450 1070 173 1326 338 1366 2017 2660 2351 1712 663 1817 1356 1073 149 958 2381 2650 820 2159 2671 426 2279 1402 2219 1292 444 2202 2533 850 2454 2417 546 1043 202 2537 85 2365 2400 2360 1368 293 2102 1562 2087 1647 730 120 404 2544 290 
708 26 2098 806 1644 2505 1734 1873 1587 2145 856 445 1219 1994 1130 2651 1823 1864 1029 1836 1773 2154 2468 409 729 2020 1283 491 977 465 1584 2455 2285 2127 134 1127 2701 1451 1208 756 987 1195 980 2488 385 1019 1503 449 219 2681 1442 2700 
500 1607 2693 1493 2504 2205 607 2461 1993 1468 361 1639 2272 711 981 317 942 1721 246 978 2160 474 2338 1045 402 1417 1700 1938 2063 2588 101 1834 2630 1842 2515 1048 2045 326 802 256 2197 1697 1610 547 1937 1324 119 2627 241 1623 322 2 
588 2200 1439 151 1369 1425 2605 1334 2694 330 1534 1110 2416 2531 2391 786 1049 2092 2539 1569 2528 1316 1202 1733 41 2511 2554 1495 641 680 185 1379 332 189 1169 2373 2632 1138 234 123 422 345 131 2004 1371 2277 176 598 1456 1809 254 88 
1774 1401 132 2122 1261 605 2691 921 83 941 1790 675 2552 1754 1498 2213 2658 1589 752 2299 381 1803 204 2263 457 2631 555 2594 1317 857 2646 451 1543 80 879 2269 2088 2008 1300 967 2368 1875 2597 2640 2155 1445 1123 608 619 873 1513 770 
1192 2439 1018 1808 32 2661 2585 2226 2394 144 31 1706 1090 2006 2193 102 2181 1137 1389 2562 446 505 2195 70 2139 1198 482 1553 654 1407 45 2421 196 1683 2067 1306 1076 2358 117 1146 830 297 648 2012 908 2414 428 2073 2494 360 2363 843 
2321 754 898 674 747 454 1643 2424 540 1737 2068 2452 263 2390 2457 177 724 2042 946 912 1800 292 1024 1768 378 1047 1533 1865 1054 1536 276 159 2245 1521 2075 2141 2587 1201 1338 638 377 1374 993 2346 1506 2056 2314 1103 357 122 63 1155 
301 148 1170 1951 1619 2329 940 1563 2237 728 525 947 1157 2540 991 2698 714 805 1638 2423 634 49 2603 983 2176 2218 1686 295 1156 2065 625 1575 1648 207 1964 1679 2388 1034 366 1365 438 1959 406 90 689 985 2425 2252 308 247 1410 1352 
2687 1655 2438 720 1240 1868 1992 1620 2165 2464 1797 233 1007 557 1160 1942 643 1212 1928 890 2273 1335 2297 341 281 1969 948 2377 989 2353 1661 2387 837 447 1225 435 2140 499 1990 2035 2492 1078 2618 526 2186 143 696 2262 2192 1331 2558 1530 
1453 18 138 2290 679 1497 861 1080 1965 2340 1632 478 1631 1851 401 2071 2408 51 2474 778 1447 1333 1392 874 1807 1924 2566 783 2258 2561 2032 549 1595 809 2156 822 1246 16 704 573 489 848 2406 2696 294 640 2534 961 568 313 1680 984 
1738 2704 1592 818 761 892 62 2429 2001 1483 54 1793 652 383 1625 1670 2132 935 455 2586 2168 1862 69 37 2676 2061 95 2399 1904 448 1943 537 1824 1878 1228 2508 106 833 1457 732 2016 388 2592 2244 1188 808 1892 1903 1388 2150 1266 2083 
599 1547 1685 815 1017 2621 917 1386 100 1309 2208 1164 918 585 1247 2514 1891 2550 50 109 392 1548 1855 1698 1235 434 1501 2106 226 1905 2476 289 2641 924 1799 1896 369 501 543 2097 2422 243 1448 1310 229 2413 749 1579 1307 685 2191 1200 
1196 2565 1254 2659 1301 152 2487 495 2121 2335 2306 253 673 194 89 195 1682 511 2339 197 2644 1764 1258 2607 349 2378 527 1109 2236 2212 1761 1095 2005 2126 1829 205 1166 963 2280 363 1384 1490 2187 92 124 2495 2248 348 419 990 2626 1705 
Secuencia creciente de mayor longitud: 
2259 2260 
Execution Time (Microseconds): 34115.1
