MATRIZ A: 
3143 928 1248 4618 4937 4029 460 3331 4780 1772 4224 3057 1157 4007 5411 6447 3408 1844 68 758 1350 4663 2769 3466 3454 6231 2617 6115 3431 6412 401 3184 5924 2421 766 627 113 2242 5602 1806 3112 3187 746 5187 5290 239 5415 4123 872 3966 3834 4293 5279 584 469 2158 1755 4458 2390 2924 6189 317 5865 3958 1234 481 4625 4547 774 1944 650 340 1016 3028 360 1547 2547 2258 854 4624 5340 4629 
6472 571 6032 6484 1104 3707 6000 3136 1716 1144 348 6639 6473 6669 2628 6378 2405 741 5737 3130 1820 5730 4769 1937 1443 683 4005 6082 2696 1080 1150 2064 32 2068 2115 3048 5646 1579 4377 3070 1078 280 4446 2808 5826 2935 1550 5627 878 3968 89 4421 4757 5 6242 2988 5075 418 3549 301 540 462 6172 232 249 6568 1868 755 4749 6071 6018 713 1059 1291 5024 1652 6359 2462 564 927 4643 163 
1502 3611 228 5068 5439 2651 6530 6334 402 6238 5886 520 4024 192 663 262 648 4320 1090 2852 4866 6521 4491 4638 2202 3563 1111 1131 6660 5797 5847 4020 997 3399 4049 2385 4211 3469 5802 1030 1939 492 2307 1678 1423 4518 6604 4734 3778 451 1601 1412 2902 1701 6143 86 5946 4283 681 51 4524 3356 3933 3332 292 5147 1292 1823 5988 2162 2135 6235 3101 1102 884 4226 4201 3076 3075 5769 5465 1959 
2034 2849 675 621 2408 1032 3906 1986 3901 2891 1087 6618 2682 6430 3172 3805 1841 4073 1567 1172 484 4922 2376 536 1491 4236 1166 4648 742 1515 3636 561 6684 1596 3358 4121 4674 5370 3228 4452 6085 5135 3501 2218 6011 2179 5684 4470 5688 939 5864 639 3847 5244 4579 2168 4804 3455 2761 2321 937 3174 1585 2394 5853 3444 1207 5711 715 3655 101 315 4529 846 489 6226 5913 4251 5554 1727 403 6354 
4538 4646 4128 735 5427 2289 2149 4011 2668 165 1813 4274 5755 4985 544 5111 518 3637 1821 866 6125 3213 2567 2965 5595 3110 2970 3223 207 734 4364 5599 6015 3353 5046 5759 1113 1607 4478 4919 1621 5742 3401 4736 6318 2232 5387 3902 1374 254 2886 56 2762 4603 4996 2005 2942 1387 3650 2883 1824 6527 3528 3861 5897 1043 700 6009 5142 3369 5710 6683 3229 351 870 5218 1583 1586 6178 2458 703 1613 
1655 5003 5468 5610 2445 2634 2861 3801 5908 2735 5574 691 4095 4092 3668 4772 4637 1545 5604 1535 1403 1972 2934 3518 1382 1562 2035 3900 4313 2026 892 5196 723 5236 4800 2692 5638 4046 2108 6185 4346 2777 2096 2905 2545 3052 181 225 381 4083 1383 3842 1495 4707 256 1084 4078 5846 2117 1666 6249 982 6309 4698 138 3927 1584 235 1288 4315 487 58 4424 961 1186 2196 2252 5482 4896 5941 1778 5002 
5992 1789 1427 2848 4710 3503 4615 3087 2771 3119 502 647 565 2342 5566 3725 1058 428 3995 4514 3158 2630 3894 1522 316 5067 3037 985 797 1822 2461 817 1407 3547 3472 1802 6446 251 1155 3663 1693 65 463 4262 3256 904 1022 858 6245 350 1671 2661 629 2318 3836 543 3608 2917 593 5137 2775 6077 1479 5276 4008 2959 775 5840 1754 3385 3946 4545 3564 3145 3207 5861 5231 2205 987 3086 3604 4704 
776 5623 1010 1187 131 4773 1009 4751 4072 2706 6266 3596 5986 468 1947 4475 2710 1840 933 3259 1420 3536 2203 6263 37 4563 916 3597 5401 5536 566 837 5049 2184 3666 2644 3491 730 1676 1638 2739 4927 2899 4833 6463 329 1687 6291 2798 4686 1863 6302 4479 3253 2943 6659 1445 3422 3359 6257 1377 673 4362 833 5901 5429 1746 1526 2060 2610 4276 5076 1098 49 5476 2164 4213 530 2177 899 5104 1481 
5965 4765 2867 2126 6256 473 3483 6382 2669 1571 3683 3041 2936 2293 3620 5558 1465 3114 2284 4036 2784 5369 556 3019 4014 1389 2119 882 1633 3726 2112 1348 2804 4232 4713 2695 630 5854 5470 1969 4090 3132 1136 5011 330 5449 1117 6313 6652 1988 4179 2075 2975 6243 1575 4591 1757 4803 4149 2504 1493 3056 3883 2859 751 5437 5930 4416 830 5266 2820 4808 5805 2077 5661 5997 6508 3325 1125 5306 5153 3262 
3638 4950 5389 1787 3364 784 2838 4013 4619 1249 1408 4587 1323 1460 4366 652 860 569 6029 1883 5974 6566 1713 988 2526 3004 1835 6512 1463 7 5126 3420 1474 4010 3863 12 2783 1054 4760 3606 1074 814 5213 1904 1356 1496 6292 60 4177 5675 1762 1152 3887 2572 1764 4848 1766 6649 3211 1363 5651 2222 1236 5926 27 5280 5106 1539 2633 901 1862 3871 6514 3440 3954 5612 4286 5422 1013 3249 4393 4626 
4533 6340 1268 615 5021 761 2050 3124 665 6480 4805 1110 456 2599 1565 5091 893 4184 5809 6466 3383 6616 1106 385 4604 4135 4129 6549 3962 1398 1338 1461 1702 5833 3479 526 4683 611 763 1580 5065 6140 4330 6148 2136 1182 2170 33 4886 5048 1222 6024 4699 1332 5376 802 4796 5713 1952 6275 2000 1884 1783 3493 5123 1482 671 3891 4038 4995 2098 1850 3713 6038 1068 3287 1771 1527 1370 4952 2749 4157 
2857 1038 528 1161 1386 1508 496 4984 1336 4782 1169 2283 3810 242 4497 3941 2590 6400 453 676 1667 973 5517 3897 5268 976 5269 1597 435 1629 3315 1498 6535 4386 5662 1175 4445 2625 5761 5057 757 6510 4632 2535 5404 1056 3402 6296 5594 4843 4951 1558 3161 2237 2576 5757 322 2095 1576 1816 6109 2658 3214 2387 3706 4537 3816 5905 707 1168 1441 398 682 5874 366 5663 6113 2419 2954 1241 3937 4943 
2363 5938 2673 5118 5461 799 2006 2221 3060 3562 2868 2406 1299 4974 3489 5830 2624 2588 2825 446 2145 3312 2843 5570 4961 3766 1148 1962 5779 4089 6316 216 1301 1091 3447 3671 5326 465 2809 3823 2371 1133 5505 4932 3872 2320 2647 591 2386 4474 4668 5881 3786 6181 4004 4755 1683 3835 1196 2182 637 364 883 3273 2568 881 2366 6118 71 2946 1529 3699 346 2247 2147 2760 1830 905 6217 4385 1643 29 
1623 5281 5351 91 3329 2550 5740 685 4903 5420 2931 1360 3268 1700 5918 1977 1905 4021 4440 6168 3770 4690 2894 4972 2280 2589 3508 4202 6307 156 2991 5396 635 3712 6538 5923 2225 3313 213 240 1177 202 5257 4294 4297 3494 2212 295 5665 3363 3970 1512 1219 2057 1560 5937 1255 1879 1089 3537 2521 94 1005 1659 3173 6033 1308 2067 3783 4190 4185 4070 1711 1018 5434 3309 3031 191 5534 5784 5964 2441 
2274 949 1846 5978 2872 3761 1256 5455 5564 1634 3988 5431 2606 67 3459 998 3822 2921 3404 1414 3191 1321 4912 716 5506 2167 572 2763 6622 2738 6425 4227 4532 2071 2007 5547 3457 2596 6688 926 334 1483 1349 2251 5866 773 3458 1770 212 6559 5077 6233 2528 1220 3514 5298 1782 6415 3885 1298 3868 6588 4971 3093 3972 1552 2709 6094 4205 1314 4962 4586 1083 2083 3532 6494 3633 6013 4299 3156 21 4936 
3942 4066 946 118 3575 483 3195 4109 1589 3568 2399 3423 595 2559 6552 2656 3662 2702 2238 2171 3831 2699 2079 4220 3799 3956 3740 5277 3716 6543 6322 3693 2998 3015 1809 210 3741 153 3341 3302 5998 5160 335 3865 1534 607 2499 1705 2290 1953 2172 1606 188 2746 599 559 6081 6240 1523 176 1644 2429 6432 124 2560 2685 1510 721 861 6667 1611 867 2824 1070 4823 2116 2185 4662 355 1506 5110 450 
1121 1742 5133 5995 5286 3030 2731 756 5312 3948 1989 2076 1649 6191 3345 3242 171 5452 1637 5435 2053 4573 6198 3277 6601 5125 5917 1271 6274 1836 4991 2994 439 2987 3115 1615 5316 3243 5355 5561 2972 6101 5545 2841 22 3913 4554 5301 3412 1017 4606 5804 134 5532 5363 6462 6127 217 2758 3020 4133 1812 3427 2544 2806 2423 2789 5394 1598 5768 573 4724 769 6255 6585 6405 2494 282 6453 1572 934 2502 
4138 1051 4025 3804 6072 2577 5158 4671 2914 1891 6439 2187 5916 3765 5459 780 6131 4150 1057 5322 4055 1563 4513 2346 5600 397 5829 5883 1777 4762 1968 6093 2929 6162 2524 2253 4681 3044 4263 2216 6665 199 6682 2913 4584 194 6284 4146 1500 1987 1041 1620 2023 5976 4327 2982 710 1331 535 1300 1852 1587 2870 4136 6047 1239 4735 5028 5018 63 5275 332 5494 5862 5746 2553 5501 6237 193 2778 1845 1449 
4562 5741 1698 560 2192 4593 4784 5591 5733 2270 429 6208 1429 2047 1185 5335 1189 5234 3862 421 5073 6102 2243 88 4212 6569 6579 4422 4850 1998 1293 4048 911 3496 2368 6052 2469 5531 6331 4759 1123 4387 5816 3257 419 4977 5848 6343 787 1991 2686 4894 5262 2420 589 1722 906 2869 5202 1603 4858 5685 969 5144 2120 5013 1890 3773 2717 3691 279 1399 4418 876 1735 1672 3798 1553 4771 4079 3225 2355 
1695 3959 4560 4531 4946 90 6260 3874 5903 4334 3947 4887 3171 539 1853 4006 3880 5035 1875 2440 4181 6679 4052 5116 3406 836 4510 354 6221 5207 3727 5246 3504 4741 3744 4120 144 2885 4561 4068 1122 6265 4368 2131 1993 5654 2020 579 2331 2449 3430 1967 2675 2431 376 5540 4210 233 3782 2687 3577 3702 5608 6624 3812 3367 4088 420 5330 6128 3168 1444 2074 236 4287 1267 5038 2427 972 2922 4105 3092 
6286 4617 3224 4358 2459 299 4173 3340 796 2146 3743 1951 4328 605 2515 143 2540 5448 2291 4873 3641 226 5637 6713 5178 35 423 3063 1324 5102 6529 5622 2726 5556 2877 2482 5803 3517 75 6395 4807 309 1902 6146 844 6486 6288 2701 6499 187 5019 4261 4627 1275 1851 5432 1000 857 2197 3590 2498 6036 145 3629 2341 2601 4878 2430 3198 2527 2208 5044 6524 3065 4955 1118 4139 3745 2024 3974 1079 2091 
1302 3762 2460 5228 5958 4103 425 4206 17 3021 6283 847 2300 6344 1014 1635 1831 20 4544 4944 5503 5129 5842 4753 1642 658 338 4743 2514 3704 4993 3352 73 6280 869 4682 3542 2901 4204 610 1856 1910 1406 4308 3260 14 2684 3316 6374 6042 6293 5274 3582 1946 2689 5863 1180 5694 1984 2152 634 4221 3598 5626 726 653 3950 1570 126 6106 2069 533 2747 2379 185 6600 966 6551 3139 6709 11 40 
3533 974 1204 1559 1093 6078 1047 1066 3784 5039 1062 4438 3054 1342 3397 1694 2534 72 5148 970 4409 896 5703 493 6389 3463 1419 4694 3274 827 3613 3595 137 448 1648 5523 2561 4583 5012 2029 431 6213 4254 1064 4344 2786 6346 1504 3546 3945 1021 5910 3722 5007 2392 558 2448 2391 2279 2856 917 6422 5352 3497 3250 2080 4798 3203 5607 6409 2866 2424 3084 2188 4905 2645 4960 6177 760 5788 2370 5179 
5001 568 2839 5033 4677 6454 2260 542 3441 4534 728 5954 5064 209 880 2417 2676 5499 5410 1015 6025 4986 2065 1685 3127 1388 1775 4754 5928 1367 2105 1071 2767 107 525 3456 3378 2262 313 3661 4973 6054 6135 3877 2014 2557 4612 3624 2393 6411 2602 204 2916 5628 4659 5493 2333 1628 4976 2059 5801 6506 5089 5168 2151 702 2140 2768 3079 5895 38 1489 6250 2536 447 750 4809 3698 5616 1925 2626 5242 
2862 5282 2439 3957 3833 3351 414 6356 4267 6271 5687 3922 4747 3482 5217 2114 1917 5559 1866 5796 5229 6377 3763 2571 2555 4191 1703 4298 2677 4244 3289 765 2009 5176 5533 1665 609 1437 2373 4605 6516 5630 3269 2854 5818 4230 6119 4930 1396 1876 684 4667 6471 5232 2776 4597 6628 2734 394 2977 4187 794 4394 4284 3417 2261 5486 3237 2345 3411 1908 5050 3231 6714 669 3682 374 6152 5868 5380 1915 6482 
3829 5261 5735 2603 5704 6605 2369 3000 1297 5807 3072 1843 1957 4316 266 1304 6273 4793 2292 2438 2304 4160 1639 2414 2265 1791 4349 4033 779 806 2453 5087 4391 3220 5922 5299 843 3679 61 175 2160 2579 383 3317 759 5263 2183 4829 4884 5581 6562 3144 2558 4865 3967 409 4797 3867 2708 6167 678 1289 4511 275 6626 2587 3630 6014 3694 2063 5882 1653 6112 2755 3449 2207 5879 3570 1162 1114 3196 1476 
2640 2407 4494 3212 2993 6596 3149 1956 823 2338 1478 4857 4337 1536 1309 1183 312 2593 4148 5819 5163 3477 3904 1900 1544 2672 2509 6487 5552 1470 5935 2271 1811 719 2056 1381 3730 1595 5795 2533 328 475 4 5975 1660 745 6606 3471 6664 979 2491 6315 2033 4660 5812 2693 4124 6591 305 4717 5753 2054 5188 4506 978 2329 4256 2241 4059 495 659 2155 288 2627 128 3792 4910 3870 3892 4666 1001 4945 
3360 2966 2754 2495 2230 3481 5441 4376 1912 6158 4174 3676 563 3585 3678 1109 443 3717 1002 5580 5409 2821 3089 6207 5097 4152 5030 1622 1028 2757 5339 2822 36 3248 4456 4691 5008 3324 5889 4725 31 1130 3710 1889 5192 3233 4517 2144 3137 2915 3347 3557 6555 5243 856 602 1027 3785 4338 5181 480 626 4792 519 514 2468 1006 801 1786 2400 1573 3254 5302 358 6490 1870 5708 2281 9 2779 5235 4288 
5512 357 3150 5880 3275 2911 2323 5054 3659 182 4842 4590 1 6059 1854 5337 1776 1319 201 2704 3113 5629 3490 5837 5898 3446 1663 3700 2715 1197 4480 2025 3295 276 3692 3840 1487 4317 4653 2912 625 341 956 1556 6440 4788 497 2974 2395 3657 545 3918 162 3016 5971 2978 1385 581 4159 705 6414 4253 2810 2549 1274 3777 1306 2223 3040 1171 136 3487 4085 2569 2432 1505 5419 2659 2130 874 3415 1212 
1467 3928 4536 5138 4821 5550 4672 2413 2123 5650 2310 2949 3335 2858 5530 1896 3322 1517 5365 218 674 1258 4176 5203 507 6111 2425 361 6696 6384 4860 6175 4568 6437 170 2976 1973 3160 2156 64 6252 1116 1855 3587 2963 1422 307 399 3104 5393 1303 2313 2654 1837 6323 15 4170 4023 767 4613 1624 1591 2497 6710 3688 3049 4877 3817 2190 4908 6681 2217 6147 3996 224 6228 587 666 5010 5248 3170 5827 
2125 3614 287 3476 5831 2578 6418 5642 5319 2435 5721 5112 1769 6091 2980 4557 3541 6096 1283 6306 6219 2104 1616 5919 2713 4512 1218 5572 5783 4043 2193 1593 1050 2519 3039 3051 6317 2797 2833 553 2259 4928 3980 1395 5014 2240 2143 1799 2176 3674 333 3176 6478 4567 5844 1818 3551 1888 4444 5780 1072 6643 4831 2062 2359 5081 3634 2100 5331 1699 4795 142 1003 4631 4086 1317 1996 6150 2751 5993 3094 3338 
643 4963 5712 6021 1971 5569 6718 2302 3388 3796 1034 5511 2175 5689 6525 6586 2163 2354 5739 291 5624 5702 3107 4009 3818 1415 524 2752 1316 59 87 5074 5041 3993 6370 2842 2585 6171 2518 1503 2019 4670 1897 3534 3658 445 4676 3142 3890 6691 2127 3247 1364 632 4484 3155 4652 3426 3436 318 4300 375 78 6479 1898 3296 6267 1347 2887 205 6319 3091 461 5464 5890 708 5614 1794 5598 4183 3512 3753 
6593 6090 2844 6658 2793 4505 4203 1892 4028 4508 6053 2073 3759 2266 6244 3100 964 4967 4062 1075 6272 5785 4272 2637 4168 5413 5288 3189 2471 4353 3515 5161 5414 3729 4218 3731 3653 6404 753 4594 4856 3164 2072 396 6298 1430 368 6183 4778 5855 2983 4469 1480 5522 1095 4371 3850 2679 46 4657 1501 2092 2039 3284 5548 4940 886 3720 2829 4057 4375 3023 1839 5171 2828 2597 2819 472 529 2308 5814 2623 
1842 3246 2873 1375 1368 4731 5206 3820 2968 6642 1617 1805 2958 4404 2565 3991 6701 2128 6229 6548 1525 4966 5695 3453 1752 4528 271 5936 5621 4948 1265 214 4309 3686 4345 2022 4924 2925 3926 4056 4926 6209 5474 5241 1664 2855 1099 1008 6046 3838 2874 283 4825 957 3754 3882 2791 4102 1992 2900 2228 2457 6224 3924 3407 3336 3027 562 5836 5985 5332 5950 4447 5778 2724 1198 512 1911 5518 4789 6704 2248 
2215 4381 4468 6608 4433 5592 4106 3414 4319 2908 5086 4192 4466 3507 3194 388 267 4763 935 4500 5272 4721 5568 4565 6489 2201 3464 76 1990 3103 1675 3111 1417 782 157 5597 5382 5377 2121 498 6218 1650 3036 2967 2554 1055 3525 2551 4585 1438 1546 3169 5817 812 1184 1641 4143 1692 3807 3095 6278 5139 1625 1029 3846 5541 4019 1456 521 5585 4365 6294 4186 3858 5843 4235 4341 6137 117 1833 1718 4266 
2085 4794 3580 2224 4402 5347 2999 4257 6169 1874 4233 4837 3859 4383 995 3960 3433 2254 6070 3306 2807 963 4999 3011 3607 1882 2766 5723 4197 3188 308 1126 2470 510 3310 6435 6164 3651 5469 1439 1132 633 547 79 3929 5416 3581 3346 2450 3218 4980 6561 1872 805 5209 1273 70 1142 1011 5399 601 1949 4661 5036 5398 733 859 3349 1865 1566 3035 895 2937 4711 2598 6599 1488 5697 4900 3343 125 5456 
5324 4688 2276 537 3126 5450 4119 1690 6650 4600 4592 4037 4295 3523 5619 3245 4431 6107 3382 3081 3418 5360 1950 3373 5763 5444 1048 5731 1765 6672 5471 6645 3556 596 121 3721 4172 3271 6451 6153 6049 1115 3283 2667 2745 4705 6641 2539 3239 6004 6675 1945 1358 3097 3333 6223 274 129 2269 3320 1473 4628 2124 2652 698 119 2298 2015 6598 1105 197 3908 2591 464 477 5366 258 116 1337 5362 6563 938 
890 1129 2031 3140 3133 5906 19 8 3484 1436 640 5914 3626 6339 3375 3827 835 2088 6097 1156 3519 3209 5693 1827 2041 6407 747 5750 4093 2552 6349 944 3348 5005 2061 1714 6074 4551 4849 4730 5098 1651 4634 6361 356 1455 2178 3148 6064 3866 4137 6142 3339 103 3594 6166 660 4460 166 6537 4949 4141 2209 2608 6002 3709 6670 3986 3631 4096 4535 5553 5907 1392 4540 2981 3921 3821 2018 3129 4100 3267 
2398 3884 5706 4923 4499 2415 5052 411 3664 5645 4412 4429 6026 253 353 5549 962 2730 6227 3558 2142 983 522 3062 2522 3681 3082 3080 2303 5113 3586 3350 5303 624 5230 326 6057 5888 4147 4426 4461 4306 5969 576 3421 4450 4405 5063 5698 4453 2655 3755 5198 5557 6114 4142 2923 6519 1165 1134 6438 1729 1899 2008 5668 6526 1721 3711 1798 6120 5671 3920 3467 6694 3647 5774 4722 4633 4892 5870 2979 1333 
6371 3976 1327 424 2328 6095 3034 1929 5237 4818 5407 936 6663 3963 1736 3903 815 4285 2907 686 3032 4002 2714 6194 5885 6336 3055 4988 3951 1600 3116 3774 3205 4706 1537 3985 3526 5603 4117 619 3319 5644 3574 4260 2296 2380 6703 1286 5639 2928 5850 4194 6066 2750 458 1384 198 1237 5472 6065 5159 5247 4965 3889 1760 4485 1214 6062 387 5709 839 4335 4496 5578 1516 268 2107 1930 285 2594 4689 6299 
549 656 3622 5933 3789 3828 689 4953 6357 6246 6089 6051 1697 3166 3998 3461 331 30 4521 5088 3078 4336 3182 4356 6417 3714 5375 1141 3879 1475 3860 4053 3061 5223 3602 2671 5777 5635 2133 5492 3153 5845 4748 1328 6098 5483 5296 100 4607 1233 1230 1734 3609 1200 5909 3803 1744 4408 3736 2813 476 4558 778 6612 4333 4104 2485 1646 200 5200 3793 2530 278 1767 5405 2860 3677 2850 310 97 711 1194 
1208 5314 2350 1206 4077 5745 4503 2811 4134 6633 5379 3578 2736 3625 6279 2036 4271 5584 1923 459 5070 5174 4331 298 6677 1645 5519 1704 2233 2367 2973 2199 1137 5006 748 1092 2573 4520 6352 2881 231 6540 6469 4673 5722 3684 3844 2301 932 5121 4732 4374 3017 3226 6500 6656 5972 3814 1471 641 5772 4525 96 2503 617 6522 2263 1728 1045 5447 2996 2664 930 3685 3046 1521 4813 3826 6470 5034 5368 4838 
2455 206 4738 3639 6576 109 1814 3003 5966 517 6155 6511 1446 5317 1452 2477 1290 744 1759 2863 1246 1320 4703 4343 5479 234 2466 3361 3718 4279 6321 4448 4992 3566 5647 3673 3251 3540 2815 3468 2909 2195 1039 50 294 1906 1432 738 3852 127 2325 2475 160 4824 3071 6040 6623 3623 4654 4169 4199 6195 600 6488 5487 83 342 2066 6270 10 4621 1829 1924 2876 5707 1454 5902 6205 3163 2631 4483 6386 
3448 3365 4739 1532 1531 1203 6031 3141 2309 5539 4156 6459 709 2501 2401 1555 2132 4550 3819 2272 3873 4357 4071 4441 4756 6084 5705 4855 3022 5127 6277 5678 6564 900 2234 6505 6695 1708 5109 1954 3732 1780 6532 4582 1103 5652 840 4879 53 2834 1305 4270 449 4195 151 688 3090 3424 6126 1322 4737 582 4938 2277 5699 5477 6342 2665 106 3106 1758 822 5099 2543 5726 172 2790 377 1372 862 4216 1442 
1958 3073 1785 5915 3572 3605 6108 2173 3033 6364 3969 4318 2523 6385 5183 3197 5029 1146 1060 4209 4675 2244 4290 2618 2165 3780 1334 1513 2396 2129 2210 167 3561 5480 3654 3403 4080 5156 4746 141 98 1120 1270 6587 3241 4979 1964 3735 5563 4003 1247 1542 3930 1612 5674 6380 1747 2566 677 5265 5078 1741 523 4050 834 3989 5929 4449 4841 4543 1792 1689 3915 6151 5356 4047 2584 5285 4601 5810 2827 5349 
186 1209 5514 6533 990 3531 1231 4488 3994 4018 6045 3066 3381 4302 2700 4167 2137 6330 2078 2691 5438 4549 3982 4569 104 727 362 4542 4239 6193 4015 3769 1557 3705 5194 6050 3746 54 6410 6337 506 2635 203 5727 4076 1673 6495 4941 6697 6518 1514 25 6117 4434 3068 786 2032 5397 2349 3001 4067 508 1225 2097 1453 5117 380 3470 5403 4060 3984 5504 1426 4116 3252 5348 819 2845 2985 912 4693 888 
4486 3222 3394 3839 902 4193 597 1284 1458 6531 5122 1310 4350 1279 5766 5717 3278 6620 5900 6461 6441 2893 3601 3809 4572 6355 3955 5748 3791 4644 1431 2690 1329 4225 6104 3931 241 3616 3672 2094 2239 2794 6635 499 4880 4861 5323 5728 391 4509 1955 808 3719 6133 1922 6068 2801 5082 5271 3864 4846 148 3344 5108 2529 4490 3380 4034 457 5166 6589 4733 2377 4942 6006 3085 123 5216 5799 6403 538 5056 
6083 4250 4464 1019 6423 5838 977 1631 3876 6424 1756 5114 4720 6132 4609 3938 578 5440 42 1044 5681 6333 2803 1228 5162 5310 2016 6365 6372 6419 2004 3632 4229 6474 2574 6481 5686 3764 4779 3529 159 967 3099 4140 2615 3687 6196 5952 4909 3917 6572 4921 6680 989 4324 5758 2564 2995 5798 3297 4228 6129 5529 6399 5169 4599 3202 5061 4947 6603 1928 3940 4911 4507 4084 1737 736 1578 701 4223 3680 211 
6030 408 6607 2743 3573 3992 1490 3147 4016 1242 1390 3738 2473 5649 2351 178 6254 2718 1723 320 5824 6722 574 865 1834 378 5103 4700 5773 4045 4370 1400 1085 2404 2969 5786 5714 5488 1630 5666 6149 3413 3236 3387 971 6139 1294 1108 4380 4222 5367 4180 4054 1046 4891 4017 3961 3696 5756 3326 6305 6176 2595 5945 2332 2273 1138 5520 4164 3272 848 1627 1065 2154 386 5258 1710 2213 2962 1053 592 2847 
3579 3506 5961 3747 2245 4198 3670 5182 3899 3026 4679 2562 4853 2957 5823 1790 6627 4155 1261 1887 850 2727 722 1205 706 2772 2742 3756 5994 4620 4854 800 5069 5289 4718 4870 3074 1750 618 2465 1061 4902 5000 1784 3521 4075 2317 57 4716 3200 1052 3199 3293 2953 925 1312 2028 4400 3911 3990 2774 6348 5636 898 6428 5467 1215 4904 4305 4709 1276 99 2411 2324 1128 4301 960 105 5155 1717 923 3192 
743 980 4372 4292 3485 3837 6420 3772 694 2952 2639 3853 2878 2500 252 371 426 5140 1260 4214 5197 2194 5043 5967 4570 2933 77 6493 6225 4312 622 2716 4151 2748 6594 81 1588 5022 5858 1975 1574 2109 1040 4622 1709 2268 3342 5170 4081 154 919 2729 5696 325 4425 1733 2722 3599 5567 2853 6222 2947 24 6110 4783 3179 6560 5287 5683 5613 5292 2846 4247 2326 4265 3432 122 6369 3742 2650 6173 4564 
5079 1941 3825 4695 821 6609 992 4363 2609 1848 2770 4752 2352 642 3409 5489 4065 400 6582 4959 3665 6376 3475 803 1679 3201 2340 4852 2648 4012 5092 6326 6268 4031 3934 831 3703 4859 479 5336 4814 406 6442 1351 5715 3854 853 828 2660 2818 4040 3695 4539 816 5811 6546 5764 4144 1619 2463 311 2364 4058 250 1938 6282 3281 2971 6087 4728 3177 3565 5560 3204 6251 5307 5143 4839 5680 1743 567 4097 
4255 6105 3270 6001 2897 3118 6443 4348 43 3734 5944 790 793 1926 5130 5284 1409 651 4819 4678 5358 4098 1761 5749 3064 5045 5673 5225 6613 174 5793 2474 6657 6138 2113 6203 6311 6044 6707 1217 4436 6192 1173 296 1677 4958 486 5017 4883 277 3117 4161 5633 302 4580 303 4322 1732 290 442 4956 3045 4836 3593 2264 6353 4303 5659 2227 5528 697 4611 2705 2643 5815 3964 1548 2153 5543 6539 5304 5344 
6556 2688 1994 4588 5221 5457 4574 6637 5878 4968 3893 4243 344 546 3855 139 749 3857 6444 5899 4575 2903 2896 4382 532 2570 6434 3914 6536 2250 4589 4811 6116 5615 6647 47 1726 820 1086 5224 945 6345 367 6073 4477 3157 4696 5657 5920 1240 1720 1004 1581 662 4351 230 2548 6651 5385 1362 2358 6542 5940 6497 3405 3159 813 359 2997 4777 1608 2157 1599 1857 3905 3355 1393 4132 4882 3592 4430 5770 
2765 3851 6644 3398 3374 6204 608 405 5071 2319 5724 4712 3152 2882 108 5609 4326 1518 259 3498 6638 5066 4869 4487 2 263 580 5601 541 1684 5361 877 223 3617 1810 1674 438 5762 5350 5154 2148 2663 3535 6708 1031 352 4473 2636 6367 4708 645 2505 5090 2383 2489 5959 1190 3452 5205 1359 6005 6017 6398 5653 370 5496 4726 2049 3255 6100 466 1160 5408 4983 5760 975 3571 1435 3043 3981 577 5343 
1433 4635 4420 754 5391 130 4472 6416 6287 5682 6445 2348 4994 6584 3473 4064 5980 3265 243 6396 4145 2802 2719 4154 4649 4437 1459 3830 6043 5462 6338 2753 5210 4715 555 45 4799 3370 5395 248 2070 1369 3108 4182 3368 488 4530 5979 2339 319 1127 2416 3362 5634 4727 2614 5981 5943 5354 1686 2918 2343 1192 6602 4217 3300 5521 2721 2426 5191 6388 5500 4207 4761 2089 3776 2956 1632 5463 5157 6285 4790 
5664 1135 4241 4264 6379 6211 5497 2683 6503 3543 6297 2800 6187 2642 4131 2493 3530 5253 6351 3640 5260 2732 372 5345 4519 3047 2507 4189 1507 586 5214 2287 5876 613 1828 1413 6375 1768 1636 1886 6661 6629 1278 2161 2600 4614 5884 247 4658 4419 3419 5458 952 2836 5672 6581 6402 293 5425 337 2513 3012 6674 2255 3301 5107 1100 219 4113 6145 5329 4970 1528 3178 1712 80 2229 4410 4957 3029 2904 5222 
2517 1353 5023 5743 6523 2792 1036 4723 62 2649 286 4384 5921 5617 1193 6324 2055 1978 664 5189 792 5478 1927 5095 2580 3748 2003 5167 6028 5611 891 3386 1311 1199 1960 3400 3069 644 557 264 6034 5101 6392 5025 4872 4246 1948 1063 4275 3221 6258 4051 4107 3135 5894 770 179 289 3975 1933 3539 1669 6460 4840 152 606 2990 3285 4442 4413 1985 4111 5527 4889 3102 416 4188 6465 5364 1808 5792 1781 
4252 2122 6325 2444 2662 777 6248 3520 26 6456 1541 1880 5660 149 270 3737 620 1238 5822 2930 6567 196 818 5955 1796 2256 5485 2840 594 5515 5587 5656 4165 1731 6141 6067 1861 3965 4595 2211 3334 2508 392 3642 4844 654 4000 4110 345 2773 1020 6693 3013 1859 3006 5341 2267 3376 1232 4901 2632 5857 4935 3292 4608 44 1873 2740 4826 1999 6571 5418 4032 1391 807 5059 6039 2756 1509 4238 432 5535 
1654 2812 3544 3767 74 1026 6534 3007 6003 135 503 3849 2048 55 6190 6468 3050 102 304 3206 4063 915 6332 5451 3553 433 440 5932 2141 2707 5445 696 1815 246 5177 2782 6509 3944 531 6545 612 69 4455 2464 1210 4933 1885 3122 6188 999 3646 875 1025 1715 260 6312 2546 1763 5172 1858 222 3096 1264 3511 4669 4830 2081 3416 173 6592 6668 5417 3435 1394 491 5942 5744 1096 3134 4280 3128 1272 
2139 5473 570 6595 2044 478 3723 1682 4876 3263 6161 4321 4982 771 3488 2694 1725 4390 5869 6634 1825 3977 195 5631 5256 1170 5433 3548 1795 1582 5588 6007 1365 5327 5655 5249 2231 393 5555 5904 2506 3545 5813 1668 3304 6186 6197 5537 845 1224 1067 5004 6358 1379 4367 4598 3208 1691 6019 5575 3492 940 6236 169 1376 3701 588 5720 6304 3131 5828 2989 6467 951 6673 725 5321 2013 1524 1318 2052 554 
5677 1913 2001 6154 4248 4863 1936 2919 1223 5094 1738 1277 2741 3751 5525 1282 1315 4360 4864 4835 5412 382 5040 6012 4030 1361 3067 2335 5233 1354 3797 5516 2890 1997 2604 4332 1340 4701 1244 958 2433 2090 5264 3298 6259 5381 5719 5308 5128 4515 3042 4130 3014 4526 1706 3733 1788 4451 1966 3311 436 3524 5640 6689 720 2678 4339 5806 95 1378 5526 6570 2428 5267 1330 920 6408 1357 5255 1719 2436 1077 
5042 5931 2040 1119 6492 4242 6504 1860 4954 92 6426 6515 6464 5250 4482 826 2629 23 2621 1140 1609 5963 501 1355 2409 3781 509 2315 6092 941 4082 5388 4925 5175 2402 5446 1590 5752 680 1252 785 5295 3591 1893 5219 811 3451 1681 1143 3438 5605 2288 6144 4907 2583 6553 1341 1626 5808 1935 5641 4314 2285 4417 2198 959 4396 485 3280 500 3841 5860 5201 5334 1982 3024 5872 3167 1024 5962 2382 1878 
6174 4552 1263 4347 3987 1416 1919 4439 2012 5460 504 5776 598 2381 4489 2360 6368 5729 4359 6436 3002 5359 732 2294 1428 2058 4378 1466 4602 5093 147 3009 6320 4277 687 1107 4296 6610 413 3795 4899 4729 2042 4990 3907 4895 3923 5193 550 369 4758 5565 795 6088 6573 6717 3185 2703 1921 4890 3790 6206 6630 950 2191 2948 4208 132 452 5083 2246 1037 3392 5357 5333 2787 4443 704 5586 3513 1592 6156 
5701 1213 2520 809 6121 3806 2257 5320 158 5956 6517 323 5989 3299 5072 4934 2403 6262 6232 1346 3303 164 3434 4997 5781 6636 2311 4578 3583 4493 4920 6724 3600 2830 3505 5984 221 4112 2118 5338 2712 1371 5669 5632 2511 5596 5426 4665 2910 1961 2010 6390 3500 4175 1640 5453 2920 3291 441 4329 4639 5047 1335 2814 885 2169 2538 5342 3550 981 1448 6421 2334 6611 922 3999 4527 1749 3610 6716 3186 5151 
1538 4791 1073 1916 6008 4834 6210 4874 3588 5875 2027 3008 339 39 2362 4379 4268 6170 3439 6300 4806 2093 4323 5968 4801 894 6056 3437 5782 1397 3053 6295 6163 4115 4498 6075 150 3752 1221 2174 6069 5734 2616 2472 2817 6160 1804 4559 6241 914 849 5165 2478 1250 2206 948 1551 3527 454 3813 6458 5691 2443 3552 1366 3802 2537 5149 321 4099 4702 404 5856 5141 3559 215 6662 4719 4785 3603 2586 3238 
6027 4630 1012 1877 5871 6363 2581 4027 3675 1909 6335 5546 4457 1145 931 5278 1931 4026 5996 3669 798 2467 4219 1434 1748 6199 363 668 272 5058 2189 13 6281 864 4465 5960 4616 6394 4516 5939 5700 1139 2306 1469 4776 2865 6520 6491 4832 1826 5392 5016 4913 5551 5754 1404 6373 2670 1195 2490 1281 2099 3180 3644 1202 1352 5513 6303 2166 2186 3612 2788 6648 1779 1179 5096 5115 3878 5562 3 6061 3715 
1492 3288 189 6212 4981 6457 5692 4875 2492 5454 6712 93 1974 5983 2327 1464 3627 2384 5982 6700 2851 6314 2479 5887 1976 6705 2744 4812 3910 3165 5648 6016 3952 2898 942 6580 5498 4044 6646 6485 5136 1484 2871 2950 5131 3460 5643 6577 5423 6429 3318 3480 5294 5835 2575 4492 1817 3379 737 4656 238 6685 4571 2927 2563 3584 5491 180 4122 227 6301 1980 5606 1832 314 1307 3909 2101 4596 1577 4369 155 
5291 2646 6654 4403 5313 6449 851 4881 4373 6406 1468 5590 5849 2249 655 5146 4259 2541 3997 3059 5877 781 3875 1549 6557 3881 1167 772 5490 324 3175 2219 1424 1421 2456 724 6541 6393 6165 5208 5386 5273 5544 6625 6483 3724 6179 6476 6362 4127 3689 4556 110 6048 1450 4231 6574 1602 3230 5055 5180 1295 6498 2611 2236 1739 5226 6706 2159 4650 6341 5873 5947 1191 714 4069 5825 4392 3105 5238 6360 3973 
5100 1688 5573 804 2799 1670 2737 4766 4787 871 1410 5311 437 3486 2103 6391 4282 245 3377 5254 5443 5859 4074 6035 1343 4414 6615 5020 5105 1088 5051 3210 6080 2181 6289 2337 373 5841 6055 1605 3443 4237 6614 2831 6214 5542 3088 505 4114 5080 991 4541 6632 5027 4623 729 6022 3462 2082 5211 5767 699 1864 3824 3258 3279 5119 4767 1457 455 269 16 921 3628 6692 5948 4041 2484 2880 5239 6550 4001 
4684 3979 5957 1345 2045 6653 731 6234 4061 3645 1472 3708 954 690 955 2964 4162 2365 6310 3788 4774 1226 6699 3354 2481 863 1262 4647 4522 4342 838 18 3509 4087 3391 4555 1462 6308 2837 825 4428 2681 494 4273 3510 184 2613 3856 1543 2720 1869 3121 6290 1773 4125 1696 1610 2879 3589 6063 5507 84 4398 5124 2940 6671 5571 752 1942 1895 791 2984 4546 6698 667 717 5821 3896 1296 6597 2889 4022 
548 1440 4692 1568 3555 6202 2375 1007 829 1569 2932 490 1035 918 4388 229 1520 4576 2434 1618 1094 2418 1339 434 5679 2110 5259 6076 631 3120 1373 3393 2486 4828 6276 4906 5421 6261 2697 5690 5593 4101 1901 4918 616 2728 6578 2944 3635 6201 6264 4740 3240 5442 1380 1101 5085 2805 177 3010 3775 1216 2106 2299 6715 3971 273 2322 5297 3516 6230 661 2051 3183 6547 34 3660 5579 590 5251 5510 768 
1561 5765 3465 4471 657 3193 1871 6099 5577 996 5800 4281 762 1497 4249 4664 2864 2278 824 52 5293 415 1730 2111 3794 1023 2361 4581 1124 692 3235 2314 1201 6477 6123 3935 4289 6687 2832 4406 5328 1097 4459 5990 4820 3125 1402 929 365 1147 3919 3151 841 3787 903 788 4258 3643 897 887 1614 2592 4094 739 2711 2452 4432 638 3389 6103 5973 2641 2516 3357 6023 2344 4427 4989 3697 2725 953 410 
327 6686 1245 693 3305 28 3077 5132 1325 1418 6433 3138 534 2305 5911 4171 2510 2657 2037 4768 417 3978 6554 6719 146 1259 6383 5790 5481 1112 5618 3478 1995 5318 444 603 3323 5150 3328 4178 679 842 3264 6157 604 986 3916 5346 2138 111 5378 2357 672 1983 1907 208 4897 3936 3474 3832 1774 2781 1753 3760 6575 2447 4325 4166 5371 5834 6184 3811 2622 2835 1540 2542 646 6431 2235 5060 6513 2046 
48 2086 2960 6452 5145 6413 5970 390 2926 4750 3649 2605 4278 984 3895 3395 1451 4827 2823 2532 6180 140 873 3554 6122 4454 4610 4042 1149 4196 2295 4311 6427 6690 5716 2002 3330 6558 1081 3656 4577 4234 5502 913 4987 6366 4118 1326 1800 3307 6220 5204 237 2286 6347 1411 5789 3983 336 5892 3290 3308 1269 947 5220 3648 3025 4851 6720 3146 3038 2204 6020 5400 2180 5987 3314 4269 6387 636 5912 2134 
6253 3576 3925 6711 3244 4481 3109 4307 4397 66 2653 1724 5670 3943 6329 6079 2619 2961 1049 5495 4352 2378 4476 4395 6134 85 347 255 1033 4929 4163 2582 1069 2759 2941 3869 6676 2892 5195 1211 2422 614 2356 2084 1740 3234 1158 511 2480 2906 1918 349 4764 740 4407 1801 4642 6215 1662 4939 909 4240 2214 2488 5466 2330 133 384 3522 2796 1533 2986 3815 3154 2220 1847 1227 2888 4915 3758 4651 4411 
4655 257 2437 5372 943 3888 6678 115 3058 1401 4978 1819 5424 670 6502 1707 5173 4462 5212 5791 868 5891 1803 5991 5732 1519 467 3366 1647 5538 908 5430 5026 1266 3190 4914 4742 5031 2951 2939 628 4435 832 4108 3282 4566 6617 6640 3768 4893 5524 1176 764 4035 1970 2017 6621 3428 1153 5999 3495 1229 1344 2353 4685 5977 5185 6216 3939 5152 4745 5283 6397 2442 1178 4868 575 5738 1934 5832 3266 2723 
4361 5215 4401 2512 6037 4964 5009 515 427 5300 5589 5325 6041 4817 4553 4845 4215 6060 5925 4847 1680 3390 527 2780 1943 4467 3690 5867 6328 1181 1511 395 6619 5736 2938 5406 1285 2680 5949 4916 583 4822 389 5771 4640 2826 5383 4304 6448 2785 2795 3750 1807 4355 1920 3932 1979 3749 2297 5245 2525 855 5309 789 4636 3217 474 5374 1594 412 220 2102 2612 3843 4415 3560 244 5053 3219 5184 470 585 
5315 5084 6136 6124 2374 1425 2446 6381 4714 3499 1235 2011 2316 3083 5851 112 1661 3410 1881 4423 4775 422 1188 300 5164 6590 1604 4502 1838 3294 3425 695 5718 2496 5667 3569 482 4867 3442 1251 1164 4463 6544 2451 1163 2638 4781 4885 1254 114 2556 4898 5199 4389 993 3215 5436 1082 6200 4862 1894 551 2043 6327 6528 6 5751 5120 41 5725 783 4291 343 3371 5896 712 3912 3018 2816 4810 4153 6721 
3123 5402 6450 4245 1965 5305 3898 1658 4501 968 6401 2875 2087 407 1151 2030 4354 5934 513 4975 183 6507 3162 516 1745 5484 4645 4931 910 1280 284 3216 4786 3276 4687 5475 5927 3757 6501 5893 965 4744 2620 1313 5037 649 5794 1914 5820 5582 2226 1751 5390 2992 1797 5852 5775 3567 3618 1499 3800 5384 1477 3327 5186 3227 3181 1963 3845 2388 1154 3739 1159 4917 6159 2275 2412 6583 3321 4969 2476 4815 
5509 5015 6086 3771 879 3652 2397 5951 2336 1564 6475 1243 190 924 1174 1076 2454 3667 5353 3445 265 3337 4816 4548 889 5676 5576 1485 4126 3261 3728 1793 852 430 6631 3953 1656 5428 2487 1554 379 1867 6666 1486 2372 1657 3232 907 3619 1042 2150 471 2531 1257 3779 2666 82 4871 3286 6350 1849 6130 2038 5190 2698 4310 6702 2945 2347 3848 6496 4802 2884 2895 3886 168 6182 6247 4340 994 552 2021 
5270 4039 5839 1530 2282 5032 2200 4504 1494 4495 6565 1981 1253 6058 4680 1940 3098 3808 2410 5583 5953 6269 5373 623 3450 6723 6010 3621 120 6655 2312 6455 4158 6239 3384 4523 3005 3429 2389 4770 261 161 2607 3396 5787 4399 2764 4697 1447 5134 1287 3949 4200 297 3502 4091 2955 5625 281 1932 2674 3538 5508 1903 3615 2733 1405 5658 5062 4998 306 4888 5227 810 2483 5240 5252 5620 5747 4641 3372 718 
Secuencia creciente de mayor longitud: 
2537 2538 
Execution Time (Microseconds): 132224
