MATRIZ A: 
3342 1814 3823 4465 2729 1471 2268 210 3628 3213 4712 978 4583 573 3133 4212 300 426 1191 1693 4930 2900 14 1241 5107 1239 846 594 3098 4897 2090 1867 3244 4129 995 1827 1060 3470 5131 1990 1466 2447 385 112 741 1244 4895 759 2483 3491 1716 549 653 4676 4978 174 2611 816 3352 389 3754 3443 1073 1177 2033 2426 1485 3449 3158 4491 264 4230 
1379 3003 2198 393 220 4723 3996 4735 629 27 600 205 1009 3698 2284 1626 2420 2269 4640 2135 519 4242 2176 323 2582 2533 553 3643 4217 529 2865 214 4323 2537 2294 4394 4286 3245 2415 3165 353 3900 4226 3981 17 2846 3705 124 94 4809 2311 2583 3707 1294 773 1543 1964 2626 731 2146 4742 3997 4755 3581 1570 5023 2387 4298 4743 2341 4695 495 
2863 823 1933 1750 473 2491 1862 2507 1736 326 3693 2494 376 4471 3733 601 743 4065 857 1210 3631 313 209 4836 1744 3572 1817 1334 994 246 2150 1433 4451 4060 373 1551 1715 2243 1513 4384 4289 805 1836 4263 359 2616 2013 368 2309 4324 3880 2962 2018 900 61 3401 1372 1182 852 2570 4149 2926 895 502 4361 4442 116 533 2040 1233 4666 2918 
1004 1326 2898 4922 689 2697 2358 3876 3803 1979 4267 1936 3848 3851 319 617 4105 3471 1834 4999 2024 1100 2472 4090 1873 4430 3407 4601 2459 3312 1032 4348 1468 42 1226 1173 3340 1246 4615 3127 1398 4819 1284 2465 4487 4542 1160 3195 404 1631 1183 737 1610 1932 2286 2138 3325 1443 1204 2039 1748 2234 1500 1709 1647 1789 1174 4745 2571 614 2114 3909 
1320 4789 1646 772 3249 3018 963 4587 4234 1580 669 472 3257 4166 725 221 4188 2681 289 2253 1815 2500 3075 1464 3690 2625 705 1493 4760 369 3125 1922 2559 1504 4033 4946 3805 4538 2384 935 399 1745 4080 1529 344 2132 111 3666 1074 4335 2535 545 5132 1207 468 5004 3247 1916 2036 588 4172 2306 13 730 474 2348 5002 4984 2127 2165 2075 981 
4072 611 2010 1617 1839 267 2830 4844 1449 3137 3895 1947 940 340 1756 4891 814 2171 1533 4982 971 1803 354 3063 645 225 1132 4950 1052 2316 436 2822 2767 1708 597 3664 3496 3431 5 1166 760 448 2020 1170 3584 2844 849 1081 1261 1757 3552 1649 191 809 219 3625 1212 1961 3288 1410 3271 1675 635 585 4842 2048 3118 1911 5063 2167 803 3884 
4514 2185 4490 3945 1525 1683 1225 1297 1624 4759 1119 1505 5157 81 753 798 5003 1737 3870 2297 1072 4403 3059 1103 2673 381 1196 3116 1564 4795 278 1782 4863 3332 416 3120 1912 2884 3030 3908 171 2717 874 410 4648 1496 2396 3423 4731 586 4260 1413 2660 2615 2950 2298 1058 2952 543 819 1833 2967 2935 265 2418 1592 2454 1703 3857 4879 1625 3357 
988 3745 1384 640 1184 2947 2689 4722 3928 4751 4716 1632 3863 2609 1444 3864 4785 1126 5049 1228 4437 4806 2635 3160 1277 2116 696 1093 1028 5116 7 1890 131 4078 4774 3592 1574 1528 1877 2450 3785 4969 2030 93 2959 541 1040 2304 2224 4064 1097 1607 3442 1355 1470 1596 959 3686 2131 4781 2453 2331 1554 969 547 2445 593 698 1452 4008 2585 4332 
1766 5011 401 1805 2126 2602 217 3128 1236 1907 907 2115 3561 996 1628 5005 4383 584 2016 138 4059 1783 4030 1587 1194 19 1094 4468 4646 4347 2563 4041 2448 50 3086 2143 1981 4153 664 530 2955 2750 2595 4519 2499 4664 4750 769 3767 1778 2566 440 1438 5056 366 3346 1353 3593 74 2999 2652 1656 3047 4314 1136 780 1020 566 1005 1076 628 695 
1521 1701 3999 4736 1700 3062 2738 2059 4913 1440 1977 284 681 2917 4337 3198 3849 2151 5055 3425 5093 2700 82 4804 3985 3657 2145 1041 5160 694 2634 3267 4672 903 5127 3998 341 3832 4301 1346 2984 4241 4472 943 5153 4853 661 4709 3868 2355 3831 4549 4 2916 2801 3702 3677 855 4504 4814 2679 3109 4942 3038 4944 1084 2890 3070 4590 1993 4783 3410 
2811 2195 734 4326 3362 1122 2172 962 3447 552 2227 4628 330 928 4194 2095 362 1578 3108 2540 1723 5088 4017 3966 1487 2344 3882 3725 4571 616 5102 108 4469 4901 3653 726 4555 4907 4069 3743 1630 1556 2421 3638 2587 2096 2087 5096 3987 4657 845 256 1909 1770 320 2894 1231 1213 3591 3580 1472 2330 3188 1794 1405 1540 1418 4488 4443 3982 2768 402 
3376 2495 3387 2876 4099 4724 4702 4177 3435 4208 2970 4032 2776 1727 1526 2975 1273 2407 2932 2620 4808 2656 4425 166 4029 2215 976 1101 1754 4818 2743 4362 906 3892 5074 1017 835 2405 229 3539 3011 739 3701 356 3850 4883 869 3240 2800 3458 4970 604 200 5091 818 3776 4805 4673 1870 499 3659 3744 1871 4333 2699 109 4949 4767 4279 4331 69 968 
918 239 2497 3512 1394 2094 4320 3948 2895 1019 3875 3646 1956 3986 1079 2136 3703 1083 2816 1370 722 2746 1764 1970 4620 3007 3815 3615 1078 4004 1274 157 198 3048 3672 263 1427 1108 1919 3185 865 920 1669 2077 1243 2685 283 2325 5082 1730 598 1046 5013 1322 4232 678 2109 2014 5165 3970 1854 4557 5129 2886 1774 4869 807 3140 4146 179 2687 2437 
3930 4253 4144 3283 581 3543 2664 1972 1697 1599 2261 378 1517 3330 1087 2904 3704 1785 1035 2457 4851 4419 1978 1288 786 471 1544 1386 2506 2728 2532 2704 3051 3517 2390 3079 4621 2412 3956 1906 4553 5042 133 4705 709 4321 1638 4261 2641 2468 1711 4186 2343 4665 2692 2680 3045 3058 1949 3421 4341 1256 1315 2406 1641 1541 2255 1457 1490 4880 2270 4642 
3975 4285 3209 4830 2084 4414 4136 690 1896 2561 2213 360 2709 509 1821 2335 4839 4727 1441 3630 3797 420 3926 1664 3530 1407 2257 2322 1577 85 5135 2732 281 732 1714 1830 1483 4688 4831 4161 3784 224 4379 4126 1448 130 3036 242 2097 2833 1267 1837 3275 1351 659 48 1415 1365 3210 2996 3741 2677 2860 2836 3688 4215 5110 4005 3563 875 268 3012 
1339 1141 1329 1895 1178 4768 4552 3174 3454 5066 1331 873 481 1539 3008 830 2633 3344 4441 4902 3321 388 4929 2753 2370 2312 4373 3194 1232 706 2553 4176 3380 22 3959 3977 1439 2111 2562 1959 880 2907 3089 1387 977 1135 3650 5152 2089 5006 2178 1324 3222 482 3475 4860 1146 1071 2716 1388 3639 1545 2920 2455 2829 2775 4611 1861 337 2493 3807 2174 
4677 1250 2149 3534 2440 4708 3181 1768 2122 3730 2049 1187 1562 1681 4460 4158 1788 872 3568 4380 4909 671 3468 1393 4645 2642 2956 2209 1530 3292 3523 2409 1285 2713 1523 3111 3577 3679 329 1767 2070 3842 387 3654 890 3603 5164 560 3692 4113 2042 1616 4807 469 2367 2069 2183 2433 3836 3787 931 457 2125 8 56 3027 1986 2000 1114 1945 2940 2817 
4772 4022 3239 279 1436 2856 113 2761 3878 1633 3816 1224 3159 1312 1352 4864 1026 4134 3459 4021 853 4351 3134 682 4892 1023 1295 4370 248 1006 2376 1000 5008 2842 2398 4290 2236 2430 2597 2473 4418 2118 2469 821 4609 1966 2919 1763 3478 4495 2272 2744 3430 5051 1846 2337 4087 3711 1824 3 250 2233 2837 3833 3278 2572 4653 912 3460 1655 3446 1816 
1367 676 1696 1460 4626 115 3933 4111 3611 1121 724 1435 1559 234 4098 896 1612 2134 4931 1251 5123 4083 3043 1795 580 1240 2202 5084 129 4353 663 218 4683 3893 2988 3146 5094 3263 2241 4049 2385 3674 1059 2971 2349 3819 1663 2883 1248 2242 2327 1330 3632 2979 276 3570 1044 500 2336 3087 4448 4948 2531 2237 3083 216 3949 5069 240 4175 4121 4327 
3493 2374 5155 4255 1951 4404 2548 4420 3520 2896 1547 4051 3084 858 2752 3649 1579 2576 575 1463 1036 5058 913 2763 2858 2293 1869 551 1558 3216 4558 3718 5180 750 4313 2256 1321 1598 2875 429 1151 2404 311 4211 4782 909 1629 792 1855 1971 2825 797 1473 4915 4675 3665 4366 4119 2891 215 3287 2498 1234 2910 3196 144 3652 96 4407 4128 44 3738 
3944 2797 3450 63 88 5048 3477 3150 4205 1841 195 301 484 1724 2693 612 3991 1013 4160 4416 3461 2489 4102 839 3826 4843 336 259 2444 867 2783 2378 4002 99 2476 3675 3119 3427 3474 4998 1924 1068 3627 467 35 2766 1976 1671 493 2104 4475 2460 2326 2840 2290 1702 806 1739 2503 1230 989 2647 3497 3363 3820 688 2867 1955 2790 1584 3280 183 
1531 2282 2068 3424 2573 2154 3200 4457 1075 2221 2357 126 1974 2526 859 3028 178 5176 4935 3565 1001 2414 4501 1137 2192 2724 1549 2435 3013 986 4094 4578 3053 620 1080 2373 296 2690 2074 1876 3736 2379 768 1163 1299 4562 2509 2543 748 2395 2850 4850 3135 712 2021 4104 1866 479 3020 938 2022 2303 3786 4388 2794 5019 2369 4793 4513 3840 4652 3587 
3894 2169 1145 2235 4928 1660 4866 3010 30 1840 1853 1220 1917 4110 15 4378 2508 2417 2160 1333 4638 3193 626 4610 2864 4120 1614 4972 1672 2722 3316 2388 2208 2422 3154 784 4623 3749 2552 2408 970 534 1623 2838 2434 904 1654 1363 5081 317 3811 2428 4858 2310 4063 2770 4924 3943 1552 4393 1740 1688 100 1344 348 190 2222 2062 550 4651 4357 2009 
4408 654 571 3092 527 2560 506 2725 3032 4039 3453 4873 266 1937 4056 1378 3220 2511 2092 1332 4840 3685 5038 3369 3642 1661 2026 4947 161 4034 954 2542 1161 3872 4556 3596 2730 3479 3673 1927 243 3910 1620 3396 1893 4047 2558 2861 2742 4198 871 2591 292 1293 2824 464 303 2524 3456 4456 2017 186 2841 4277 610 2931 1751 4667 287 5035 1477 446 
2055 3695 2640 1550 1133 4397 3260 4284 973 4191 3668 3017 1942 255 4691 449 2449 4917 2599 470 2564 3855 3947 3621 3238 2060 3302 3482 2621 965 4354 1997 3792 4802 2486 3968 2381 158 4302 3954 2982 897 3542 608 3046 4746 3619 1832 2866 3656 4003 1960 450 933 2184 2353 2061 4937 3300 1640 4137 294 2814 4046 3696 5136 1838 917 226 2536 1856 2424 
4344 1994 3487 3225 1835 2380 4801 308 577 921 2088 2921 4273 3533 2112 761 3739 2968 2851 2546 3562 2607 3033 1055 2365 4237 3296 1307 3551 291 960 4097 3336 861 2099 4681 4669 3691 4224 204 3588 1863 143 3319 3313 1375 5156 4281 1668 1086 4075 4117 775 2044 4350 2592 4250 2333 3029 4092 3540 540 2820 3983 4067 1223 1380 993 3553 2630 3544 782 
2593 2565 1576 1908 2977 3433 1753 2596 1889 2273 4779 3169 3727 1921 3091 1090 5061 795 485 3335 4345 3463 1409 1112 3073 3557 1888 4693 824 2721 4704 2023 114 3370 1793 3264 1938 2671 2882 4431 253 825 432 167 3761 894 1749 1520 3505 582 3023 4926 2547 3978 3510 1569 990 1422 2484 4036 3274 877 4943 3293 2279 4480 710 3585 3173 2530 73 2544 
1474 3103 810 4363 842 3077 3155 4696 452 3911 2400 3096 1092 2812 3418 170 979 4202 4179 1506 4957 866 930 4428 3301 2142 3501 2774 1913 1139 2933 2105 2155 71 738 1042 3132 3923 3917 4483 1806 4358 2678 2584 1609 4248 2909 4243 3241 4613 4398 510 2466 3466 567 2527 4375 4598 3359 822 3723 3452 1849 701 4282 704 4983 2708 1070 3467 5016 3005 
3856 1872 3054 4966 1057 335 238 1138 662 1361 282 3988 1771 1802 173 609 3069 2550 537 4311 4233 1374 1056 2989 3347 2906 901 2170 2067 3769 4174 2295 2073 542 2618 3338 2429 740 2942 1943 4123 3041 4086 4387 2655 4295 193 1926 4900 4225 4602 4025 351 1665 2613 3231 4632 258 4170 2741 4013 2103 104 4346 3658 4619 666 693 3972 4920 3817 3720 
623 733 2065 742 2265 3016 2784 408 3151 3406 3963 367 4125 2271 2807 1486 2107 5162 3049 4274 392 5122 508 1799 3317 2205 89 3186 4574 2182 844 4185 1390 4081 2300 1015 3246 4152 230 1218 3056 4228 202 1952 4738 3331 2639 3532 2259 713 3719 4668 1095 2410 4889 107 2888 2262 783 4068 1416 3101 65 3921 3764 3229 3789 2439 4718 4070 3575 79 
3179 2966 3286 2247 2052 2106 899 3375 3167 4685 1875 1012 4016 1879 4007 1021 4446 1900 801 3579 87 3102 3337 3992 3356 4012 4788 1769 3022 531 3124 2302 4780 1847 2663 3610 2219 1396 1726 3602 1923 407 2928 4962 3683 512 3415 2645 4369 1860 2479 2307 848 3093 5000 2288 77 439 590 4660 3392 3164 3795 3488 3419 1467 459 3824 2762 1154 4629 2204 
613 4996 4796 3203 4710 3176 1454 3960 1098 2828 3107 2853 3747 1175 3303 3647 2156 4940 4308 4584 1734 3962 142 321 1642 1291 487 97 4936 1792 2442 302 1679 3498 4466 3218 2927 3709 1865 4544 307 20 2462 595 451 380 2810 3273 755 3980 3177 3779 1186 1899 1116 3289 827 2771 3042 2859 431 1197 1553 3078 672 135 2173 4043 591 5054 3432 5113 
4424 332 644 1337 462 4905 4741 799 767 808 3156 1406 2161 151 4476 3204 3015 2643 766 4932 3368 3645 4876 3106 339 1130 2826 4564 1755 999 3139 3284 5134 1065 946 4595 997 3708 4131 141 2588 3529 2248 245 1948 2517 3667 197 2733 4182 2401 2072 5092 914 2759 125 4440 3492 1287 2961 1973 476 390 2340 1820 2362 1934 4355 1575 5052 3343 1327 
2990 3845 2712 1063 1969 680 1677 4238 3976 1445 3825 2549 3768 4878 2793 3211 4292 2102 1389 2803 3687 4037 833 3670 4200 898 570 3519 4730 314 2969 3967 4725 3737 3609 4803 4699 3485 3390 4222 1008 3365 4588 4315 421 532 1252 3386 4227 2078 3509 2995 1424 3261 211 3499 117 1995 3025 5040 4854 2695 636 1622 1920 2086 840 3567 2937 1826 2123 2223 
642 1461 3105 1395 9 4297 2441 3852 5115 3014 2240 2504 496 4135 192 241 3721 1286 2855 4195 4604 4908 2196 4816 4159 618 206 3001 4527 1501 24 4968 4732 2843 984 3345 1694 3364 1428 2383 3484 3282 2702 4141 2225 736 868 5125 271 1634 2758 881 1342 4717 2964 3932 4040 957 3208 3379 4312 1897 3201 4899 383 1159 414 3889 152 3341 2513 631 
967 3545 4714 1939 1211 2986 1304 406 2377 1878 3661 2857 1253 4082 3662 1719 489 5108 327 1209 2129 4173 4482 2913 2943 2267 2670 2954 1257 3285 902 3206 400 4530 223 3412 5073 2924 4157 1733 3144 3192 139 5144 1263 2276 1149 4707 4014 3326 4132 1590 2789 1725 2001 4711 3728 235 1283 3360 2168 3383 3521 5104 5100 3622 1343 5037 3822 2514 985 1787 
5036 3586 1597 1127 3237 274 5173 355 2411 624 118 945 1568 4975 1738 828 4412 1144 4262 5070 2403 12 1589 46 2872 2939 3157 2978 2487 4057 2534 3126 1302 3071 184 515 4396 528 3398 3965 1279 398 1777 3606 483 3710 3223 4868 3626 2945 5171 4453 4639 3171 3990 2834 4038 2819 4518 1024 3867 3168 2847 4877 1605 2518 905 3265 1903 2603 1268 3912 
2342 232 2488 5117 1206 3130 2012 3915 4890 3778 1707 2175 304 3476 3885 1350 3514 2577 3766 2715 2683 574 1721 4568 1034 4933 4618 4517 4829 1258 4074 4492 3250 4797 3994 4461 4318 936 1349 3594 1804 684 947 3773 1883 625 1784 4586 2510 658 2688 2922 350 80 3536 3772 4293 3437 3682 2880 3700 1037 1678 4597 1810 5137 4659 3905 2139 3571 3142 2292 
5075 2159 2557 2522 3095 3166 3516 764 4531 3327 939 3951 1516 3480 4148 3243 5050 643 3002 1465 4580 2057 3637 3919 1262 3100 3234 386 4567 4986 3511 569 2263 3524 1881 4764 3311 1657 3862 3612 316 297 1049 885 4545 1953 3597 1652 39 4299 177 794 4342 1245 91 4101 478 3731 2190 1102 3906 2610 2320 306 3110 5039 2251 365 222 182 2973 3614 
1868 3279 1051 4367 4417 1773 632 4474 559 3528 4939 2394 4888 2529 2666 2392 554 708 3546 1658 2076 1341 288 3472 4752 3434 3780 2929 3060 2785 3350 4206 2317 162 1515 3276 4000 106 1991 2934 4422 187 4941 1621 3560 3114 2869 2007 4627 1892 1317 3052 4533 1195 958 758 1403 886 2953 3021 3361 2782 4390 1402 633 919 4881 3094 3339 3444 599 1313 
3891 3877 916 3019 5151 3298 2773 1217 5024 793 227 4692 1066 3009 4020 2606 2668 4825 4641 4678 3388 1996 3604 4163 1604 2413 3507 2538 3502 3755 1818 2997 1852 4455 3554 948 3353 1110 2505 3783 4656 4961 972 2734 2346 1043 3277 2 5150 4187 2496 4770 1417 498 1335 2849 2710 4647 514 3801 2601 2189 5183 3228 1385 1729 4563 3394 4997 2329 4822 536 
477 3660 3931 1557 2809 2705 4276 2908 655 84 160 1033 5124 2638 3748 522 92 1670 2391 1561 1117 2619 1022 1635 4776 2951 3818 3489 4435 3578 4236 621 236 3438 3207 3074 2163 4579 558 1902 3034 2119 1434 1495 1469 3143 673 4687 3590 539 2199 751 892 3057 1200 52 5043 1437 1585 3448 3925 929 1857 1611 1772 2035 1447 505 4196 1215 2815 4305 
4784 2878 4026 4100 2575 4740 1492 1456 1348 3907 771 2923 1064 199 2608 4364 538 1946 2028 4875 752 1172 1691 4133 3329 1987 1338 3393 5097 3742 2446 2423 3104 3481 3684 2141 5014 4103 746 5163 3541 3955 4001 1216 4452 231 3145 2056 2786 4180 1128 4980 3217 90 1600 3122 3961 1527 2871 1706 1235 3413 3558 4184 641 3117 2545 4537 4510 4686 3535 3299 
3090 1508 3402 3844 4591 1247 453 5072 62 3473 3494 1340 4107 1968 3623 3281 3937 1124 68 718 3411 728 720 3205 3834 2983 2791 1901 1687 2944 3414 800 2669 4837 2066 3640 2046 4577 3934 4872 955 4115 67 4862 4473 1940 47 511 4992 5045 1643 4603 1369 3974 2769 4140 4450 2481 1685 4458 2244 1524 4334 1898 3669 4165 213 1667 4093 4896 3266 1797 
2586 3601 820 2723 2011 1659 749 1222 2757 1027 3812 1571 1276 1308 3320 4035 729 486 3814 5175 3152 3613 2632 4608 941 2470 4871 149 4655 2451 370 257 1759 2512 1357 1720 1354 2556 352 3397 837 2004 3751 2682 4168 1381 3429 1532 2991 2371 4824 922 3469 4593 364 1358 3439 4985 1608 1096 4989 3506 3600 4207 29 4339 5106 4316 1153 1399 2795 3440 
5143 2064 4959 1637 5083 1179 4268 4349 1053 1192 1029 2740 2197 1260 3297 185 2985 435 3500 3678 3366 286 64 3123 4272 3804 4828 4249 4124 2862 2624 409 4484 3838 101 1002 5085 2474 4096 3901 3272 23 3854 422 342 3689 1345 1848 110 802 305 1045 927 4744 1271 4444 1741 4765 1157 2779 3806 2579 1615 1619 3740 5010 2994 36 3879 513 691 5105 
1747 4436 3525 3451 5120 331 2516 2005 405 923 4758 2946 5111 4624 3706 4747 4130 5060 328 32 1366 1281 1566 3914 1031 2941 1813 3252 2137 3989 2031 3566 3957 4845 1831 3765 3774 1298 3715 5140 2188 4445 4329 4389 1850 4599 4898 1648 3190 2501 1450 324 1190 3465 396 1488 5161 2523 1512 1376 2360 2338 465 1169 4330 5177 4478 2477 3068 4762 2299 754 
763 148 1809 1522 606 4463 3112 2164 4654 3717 5053 5062 647 627 3927 2246 4499 423 1451 3973 3873 2901 951 563 4713 1829 1999 4497 1391 122 438 1692 1077 4071 2200 2874 2614 847 1775 3306 3574 4559 4118 5174 492 4525 1314 2879 5009 1698 2207 4617 3699 3358 2382 4259 1062 3251 33 1085 4769 164 2157 3865 201 4733 4023 1891 3305 2050 3752 3735 
3940 2080 2748 4485 3922 3641 1935 1462 3175 3929 4918 4534 461 2948 4954 3953 4423 1423 1886 4392 3076 1666 3964 1050 3886 333 602 4965 3897 2258 804 2629 1280 480 3428 3952 168 656 4322 2965 4674 2081 4066 1111 1560 3939 1941 4053 156 3763 2848 3371 2605 4247 1555 1499 2166 2747 1563 4682 2711 4252 4960 4481 4280 298 1162 2345 4757 4934 2636 428 
2667 1181 3308 2356 2612 4095 3760 5179 4291 911 2691 3548 3810 1713 2772 2674 4266 523 293 4340 2631 4509 576 4251 3031 372 3648 2765 1864 2425 2361 76 2315 3324 4838 1242 2475 1048 3269 3729 544 5099 4470 3746 1432 4106 374 325 3904 1316 194 3680 1025 4116 3802 4766 249 2852 4592 3182 4365 3268 836 4870 1801 4156 2665 1328 2541 1644 134 3969 
3713 1214 3790 4382 2492 2802 237 34 1573 175 1880 4154 3846 5030 1373 3794 2194 208 4834 5103 5022 4386 147 3617 2905 5087 4865 2463 1851 475 4220 1507 5112 3522 312 5071 2041 4143 702 3676 2520 2726 3538 3896 3821 650 607 2053 2252 1360 1511 4385 5168 3184 4799 1710 4684 3724 2124 1408 3753 4189 3771 458 2554 272 2760 1980 4218 4213 3367 1998 
1289 2903 3782 3726 3781 3256 915 1254 2264 2108 3583 2502 1965 4395 3636 4581 3322 1482 2313 4181 41 3946 2193 548 497 2654 5017 603 2696 5079 4077 4903 3170 3582 3377 3235 4371 4304 4190 4689 1371 791 2281 4778 998 4027 4540 838 2278 4612 4964 944 3270 4006 1347 4596 3191 2238 3334 3113 2443 3161 1142 128 2589 4720 982 1237 1319 2914 1639 4338 
1684 3212 4515 1377 3547 2419 4209 1519 2153 25 4833 4953 4264 1203 1542 2260 2839 1746 4543 1743 4886 4734 2416 2754 4221 4532 3400 3055 159 4169 2649 2140 3798 4256 1699 3307 1047 2482 2881 980 1722 2590 3853 322 4486 4372 4058 2006 1412 318 4791 1118 3979 4697 4616 196 4089 3605 3694 3866 2764 1069 4715 5015 4916 2718 3147 4506 2280 1227 3197 2818 
4151 1931 4464 5095 3262 2821 2324 3226 3026 961 2684 1475 3716 2147 2372 4520 377 4811 3149 2868 3187 4269 1453 5126 1290 3526 1843 3887 4139 596 1480 2912 2539 150 555 3384 4572 3080 1491 683 3039 4576 1791 1368 5141 4240 774 53 1088 4376 2287 1796 4706 4162 4500 3756 4415 2777 4288 4084 1760 2714 4974 2646 4790 3088 3924 4622 4011 3847 3163 285 
2675 4258 299 4479 4055 4993 1238 2701 1400 1645 2957 745 4635 2870 5145 1201 2002 2780 2915 4138 3655 3495 4073 4536 5166 4524 1300 4663 4114 3750 1125 5172 4979 2144 5057 2650 379 1414 3314 2152 4679 870 1928 4670 1842 4607 4550 3663 3420 384 2581 262 1404 119 3941 5181 5118 445 4368 2220 2212 1963 524 4739 796 2321 776 427 460 2832 1442 3315 
2231 1606 4887 3883 5170 4496 3199 3236 2063 4777 2902 1431 507 2925 685 16 3004 3403 686 4729 526 2008 2604 4541 189 5020 4919 4914 2203 1301 4193 4820 2887 1018 812 501 1131 3722 4498 4813 1807 4360 1989 2731 4560 670 3714 4231 1690 2308 403 3837 4406 4846 4018 31 4507 4411 1198 4310 430 3734 4690 2598 2206 1874 5007 4847 4155 5109 3258 454 
2229 4502 4307 4197 83 925 4147 2987 2980 1967 3416 3085 2458 2805 2038 781 649 2787 1929 1925 1266 5121 3372 1202 3318 747 2432 1430 1882 4112 4761 4167 244 4763 2628 4570 1185 992 1205 2456 3141 1067 4399 358 715 2892 3871 361 4235 1780 3153 785 2249 1189 3513 2047 5076 334 2285 1905 1982 4823 75 3531 4995 1382 176 5044 1158 4377 54 121 
1686 862 1459 4462 605 4906 1265 675 4535 3224 829 3935 583 2332 120 2617 4271 4381 4447 4573 3408 556 2058 517 2296 4634 4910 3564 3136 1120 4748 924 2949 5139 2739 660 2354 4374 4257 1985 338 4835 309 1565 269 2551 4548 247 1164 1401 40 4309 1425 2438 4867 5033 3374 2755 4493 2893 883 692 2228 4605 3869 5068 3858 4991 2232 4210 2727 2662 
180 1113 1582 146 3958 4223 851 1581 1061 260 1134 4516 4633 887 2291 564 2217 2347 2037 261 2117 412 490 1781 562 3115 4958 3796 434 3559 4566 4142 2180 1944 1478 3920 375 854 153 4849 1089 154 3183 43 3841 4150 4091 103 3214 557 1798 2071 2230 3599 1140 4565 4303 1336 5018 2186 3486 1950 4893 4108 765 622 3573 1082 2808 1199 2676 2568 
2051 974 3775 4551 2025 4062 834 4856 4246 863 3829 1603 1790 4409 700 707 1627 1731 2393 1613 735 826 1887 677 1822 832 4044 1884 2653 5119 926 856 4951 3681 4528 4703 1601 3232 21 5067 4287 2796 447 719 60 1704 2177 1572 1446 411 5133 687 4265 1359 3890 2899 4904 2661 1278 4539 4109 5032 2363 4019 3576 155 637 4296 1518 2181 778 3483 
251 3221 127 4343 391 2580 2936 2034 4421 4400 3131 3382 1758 5026 1819 521 1583 4024 1653 1546 4787 1420 4955 860 165 4088 770 3378 5142 3762 2788 1168 4810 2079 4529 3595 66 1885 787 2045 1219 1825 3634 2352 1680 4317 1003 3064 4857 4145 2254 1356 5077 630 4336 3254 3828 3227 3422 145 3712 2436 2804 3242 983 1636 1264 4459 3808 1152 4971 3902 
233 4625 1038 3426 841 4884 270 2350 4359 756 2334 3006 4812 252 2464 4526 4219 1682 4352 2110 2121 1484 1476 4283 1509 5147 5078 1761 4054 3899 4925 4981 4650 419 4494 3809 1954 3202 169 4698 3323 3651 3348 2201 4636 4726 1489 1165 2781 4792 397 4582 579 4700 10 4449 3793 657 4855 3436 2368 2960 4911 3219 4956 1269 2835 727 2239 4061 1695 2226 
2854 3082 3385 3455 2873 4402 4306 1828 1397 5184 4245 4680 433 254 4045 535 3189 703 181 3490 3328 3788 2644 4489 1167 4164 5089 1534 140 5128 1910 4945 382 5012 280 667 2375 1 592 5031 1255 1502 4122 2158 2885 4923 3555 4294 1429 2399 4644 2003 3072 2963 2897 3903 4600 444 290 3180 4203 4325 884 4042 4694 1259 1109 5130 3504 1494 2289 1673 
1325 4508 3799 3405 4319 4973 4773 2555 2452 5034 2567 952 665 363 2651 3457 1593 876 4426 4749 5027 516 1537 315 4192 1975 1292 98 273 4429 4085 3503 4401 2210 1535 2720 2274 561 4861 86 2098 1016 3035 425 1914 3233 987 1011 2029 3916 3537 1107 4438 3399 4753 4505 2471 58 3409 2191 2283 3839 2082 2328 652 520 3349 2386 3290 3462 878 4585 
3081 893 3830 4214 5101 3138 1779 4826 3616 4606 2798 137 3874 3099 18 2093 1221 3633 4721 879 3635 1099 697 4927 3291 4454 4244 2216 3770 2930 788 1497 4434 3800 932 3569 4028 26 2148 910 2521 1129 891 4786 4561 2359 4821 1481 1651 463 3351 2027 762 3860 1364 3813 1602 777 49 1148 203 4885 4391 1303 3671 3859 4199 4658 2756 424 699 2694 
3984 953 5178 4728 6 619 4589 1845 1039 488 4912 2623 744 578 975 1594 4300 1674 2806 2318 1776 2578 3598 2402 1958 964 2427 3162 518 1588 1591 3309 3556 3950 3381 395 937 5021 1676 2845 4798 4794 757 1786 5167 1188 4643 277 546 4204 1150 4575 3024 1988 4661 5148 3515 4079 11 2019 2515 2831 3389 105 4433 3248 949 4894 3395 2101 4754 2627 
4503 310 4988 3445 45 3304 2751 59 1411 1115 4737 4270 1548 4356 3888 2827 2519 717 3518 3129 123 3417 57 5065 1752 1323 3777 1362 2245 2364 1104 4328 2972 1455 888 4938 2707 2992 466 908 1421 4832 811 5059 346 668 3441 2698 3373 212 347 4967 889 4719 1536 2211 3608 3861 4569 4076 3230 3404 2305 1309 5047 568 295 2525 850 3607 2128 5182 
494 721 817 5041 2976 565 4649 1296 78 3936 3624 934 4523 2799 4631 1176 188 4874 4756 4521 3259 4827 1762 646 4201 1479 1030 3355 413 2214 1193 504 2366 789 1147 503 132 5029 864 3066 711 1106 5158 3898 714 441 1383 5028 5169 2277 3508 2266 2478 1123 648 1567 3757 4817 4630 4841 4546 1858 1249 2813 716 1811 1180 1992 4800 1765 3295 3391 
3061 4662 1503 1392 4052 1311 2958 634 1915 2889 349 2085 3253 4413 651 491 1272 37 2485 2389 3971 1143 2659 1735 2735 418 2015 4254 1270 3913 163 2911 1306 3040 1014 5154 1742 3255 4512 2672 1918 2100 2091 2823 3178 1595 966 1426 415 5025 2569 3644 4775 4511 615 4963 95 1844 2993 4050 228 882 2130 1718 1728 5064 4771 2998 136 5080 3791 3942 
442 2703 950 2431 572 2737 3993 2938 3629 3044 2648 4239 4614 1310 779 4178 437 1275 1957 3067 343 2397 587 3527 1514 371 2351 4994 942 1650 3732 5159 2113 589 1538 1894 1823 4859 1662 3310 2461 5098 51 2314 3759 1962 3065 28 2637 2490 1498 1586 4048 2083 172 1717 4216 4594 1808 3333 2686 3172 2594 2658 4171 1229 2043 4127 38 1318 1010 3000 
55 1984 3589 3881 5138 639 4976 2467 3148 2187 455 2319 70 2745 3843 5046 2981 2339 4554 843 4477 1712 3550 813 2054 2250 4432 2528 991 443 4671 3121 1689 3549 4439 4229 1208 2778 3827 4952 815 3938 357 790 3835 2749 1510 4183 674 1705 417 4637 2162 3215 4848 831 2120 207 2574 1904 345 3618 2974 3620 679 4815 1054 4427 4009 4010 3354 5114 
4547 2133 3464 1458 3918 2323 1732 2301 5146 5086 1171 1007 638 1419 2792 956 525 2736 4275 723 1155 72 102 2218 4405 3037 4977 1091 4882 2032 1983 1105 1812 5090 2877 2600 1305 4701 5001 2719 394 1618 4031 3097 4852 1800 2657 4278 4522 2480 4015 4467 2622 3758 1930 456 1156 4990 2706 2179 3995 5149 2275 275 1282 3697 4987 1859 4921 3294 4410 3050 
Secuencia creciente de mayor longitud: 
3708 3709 
Execution Time (Microseconds): 99640.2
