MATRIZ A: 
357 316 575 183 343 288 247 299 625 959 523 585 321 488 178 909 245 347 821 187 966 58 856 386 428 447 126 443 382 562 254 277 
867 190 951 421 746 199 861 500 474 726 268 769 511 331 114 779 98 396 430 398 420 44 539 28 64 799 186 798 851 201 380 207 
982 11 123 576 12 756 150 692 569 530 212 319 715 5 768 242 444 219 128 269 463 809 634 710 579 134 255 294 600 113 531 395 
601 335 512 103 411 904 280 559 838 503 901 832 182 462 94 418 304 872 454 198 977 568 612 142 515 312 403 106 805 671 683 118 
138 342 344 147 806 583 689 164 958 393 109 290 688 273 43 960 167 292 34 244 916 333 965 920 514 733 984 450 854 171 54 127 
214 19 27 135 228 962 289 563 1020 350 808 246 548 652 239 432 630 727 991 755 233 704 495 132 1000 379 679 986 49 322 937 104 
78 550 213 301 203 102 215 637 193 654 283 948 251 862 315 874 35 324 571 561 1019 296 298 211 68 552 574 412 811 352 624 91 
590 26 924 31 425 469 234 997 180 628 397 389 308 895 336 86 375 498 534 139 455 599 383 100 638 622 281 62 935 9 1014 472 
202 265 70 492 641 616 752 990 792 994 491 690 651 437 32 700 327 589 376 169 8 875 640 987 471 556 332 89 945 825 760 52 
258 4 796 314 373 846 593 37 804 458 619 369 932 535 457 36 718 642 209 584 527 533 891 248 803 985 494 521 676 588 717 649 
230 899 174 475 366 1008 461 71 75 195 507 82 148 913 348 440 222 433 602 482 876 406 470 604 900 191 137 377 155 252 695 1017 
14 975 878 422 786 532 834 949 933 353 97 940 22 826 881 629 816 501 581 663 938 751 566 416 795 407 591 392 216 520 814 47 
372 302 820 903 96 694 232 702 892 807 613 510 334 72 485 286 729 61 963 719 542 177 414 557 456 326 173 84 41 705 92 446 
592 330 477 992 275 871 256 48 115 442 130 7 122 293 723 223 459 282 667 774 981 6 765 1021 787 38 939 732 300 738 1005 518 
866 582 163 888 509 545 835 15 218 30 555 857 513 783 993 618 40 53 666 917 722 815 278 648 121 29 13 65 828 320 311 930 
968 413 354 544 713 644 453 944 179 405 896 547 410 431 67 303 237 790 614 260 417 105 480 271 703 291 1013 165 448 889 971 391 
505 217 995 323 486 1022 761 797 119 83 1024 607 999 39 969 77 936 980 572 449 451 1006 125 764 339 633 370 346 270 1002 263 466 
925 639 730 157 307 578 59 720 236 942 227 435 973 782 553 196 843 617 745 538 160 586 931 623 848 685 401 387 906 708 759 168 
734 877 595 598 812 143 687 793 197 912 743 596 886 631 261 90 777 95 467 543 914 978 678 621 989 249 946 976 21 740 468 907 
707 345 189 735 974 516 484 780 243 224 231 152 955 905 384 536 772 529 911 46 964 750 801 858 645 831 668 394 131 972 865 153 
800 923 737 478 464 99 675 445 775 784 748 863 882 110 79 681 701 257 696 133 267 922 943 250 757 947 724 33 956 919 822 910 
317 636 149 74 606 565 364 1016 839 489 844 116 996 374 225 577 884 140 184 829 802 136 481 712 259 869 868 941 506 200 998 852 
310 824 356 285 659 693 665 714 1023 961 537 979 483 108 329 890 80 597 141 129 747 194 739 849 699 742 833 656 88 340 845 794 
20 650 813 898 359 1009 817 439 525 465 1007 112 241 594 358 111 744 1001 76 368 850 404 441 146 175 837 490 573 673 473 528 554 
819 603 646 643 773 776 390 1003 479 921 60 840 493 957 419 789 378 885 791 749 660 670 424 551 549 647 1011 546 558 541 632 371 
669 731 810 50 522 426 766 235 361 388 818 305 264 754 620 870 274 338 929 954 988 51 908 351 318 926 716 1004 429 325 836 842 
159 661 788 205 3 915 360 276 436 893 741 162 145 362 953 580 408 210 400 758 240 309 172 306 934 460 117 349 682 753 204 674 
508 902 767 887 950 560 1015 564 611 698 101 272 144 438 928 337 880 771 781 662 220 635 897 608 365 859 983 279 677 154 229 655 
24 697 476 176 502 653 709 297 45 2 328 206 262 711 313 208 399 284 415 341 42 487 524 728 894 847 686 664 1010 158 107 827 
16 672 526 864 883 587 452 166 185 57 658 427 385 927 970 823 706 517 355 540 1018 287 238 434 409 85 93 763 627 192 504 721 
657 23 967 691 18 367 423 918 1 879 56 226 188 151 120 830 626 266 519 499 609 570 124 25 295 860 161 55 73 66 170 855 
17 778 841 496 69 853 181 605 1012 680 87 63 81 785 381 736 770 762 684 253 402 221 156 567 363 10 615 610 725 952 873 497 
Secuencia creciente de mayor longitud: 
736 
Execution Time (Microseconds): 7433.5
