MATRIZ A: 
3752 3754 1705 810 2166 2014 3524 2934 1670 2300 3082 811 1485 2830 1749 1162 970 2509 444 1892 2276 3330 26 1182 2186 950 1629 3581 3087 2223 1109 702 243 1493 621 2904 1610 2869 322 867 1896 1071 1464 2370 1338 115 1731 2047 533 2530 534 1778 3428 828 1408 2490 2191 2630 1689 1363 2878 1015 
3241 2297 268 800 1407 25 173 647 556 1984 2666 2381 3113 236 3298 2167 943 1957 1269 1885 2587 863 2877 1927 3281 1533 715 2139 2661 2165 3404 3684 2517 3048 796 1339 3161 1215 2769 181 3174 2180 1942 1735 2805 1723 771 2778 1516 2553 309 3316 161 177 1190 1409 2275 439 2282 1300 3618 538 
1754 1151 2728 1289 2822 2573 2390 552 1044 176 1501 2329 676 2756 1868 632 2742 1004 337 2454 1076 516 2068 2044 3433 1540 1274 1800 1866 260 1332 3391 2111 1590 2583 837 626 1140 3021 61 663 1165 1712 2277 1263 2107 3248 3037 737 145 2459 972 284 1756 1410 3620 3401 1783 3073 3253 561 1158 
3491 213 1480 1077 517 3584 2891 2137 3762 2654 3804 1277 3550 2455 980 301 748 979 2270 210 269 2660 2635 3642 163 1270 1693 3481 1702 1459 3835 3692 1297 844 174 1814 1179 3403 2356 1103 3277 852 3019 756 1889 449 420 2485 3278 2010 367 2377 3791 3022 196 1726 3543 2135 1373 3221 2084 1281 
3007 1650 3265 1826 1005 1599 1261 1180 795 3490 2253 1806 2996 1030 2873 1662 3535 1155 2812 3074 2283 2109 3003 2815 2141 606 2559 817 1950 1894 1108 1404 2204 477 1467 653 2632 2120 2031 2424 3660 2751 2112 3640 3530 2480 531 58 1947 479 821 3840 888 52 1434 823 200 1285 1177 1315 624 3178 
1192 3344 3339 1839 3023 977 1136 1607 2202 3133 3646 1910 790 2968 813 3020 701 2852 772 1616 857 739 2969 478 1042 2764 3560 1696 3105 82 1636 651 698 2017 629 2162 570 3713 3045 1248 954 228 435 2296 1895 1589 3345 1239 850 3380 2003 2373 3026 775 749 1764 366 2461 1920 240 1509 2287 
3065 101 868 1760 2804 2581 123 2814 2724 2314 2988 2196 3053 1965 3809 1478 365 2867 1821 634 719 635 2471 3678 3439 250 464 2533 1439 2824 118 346 505 3452 1901 15 2393 1683 3425 2484 514 2248 2685 398 2406 862 1558 3469 1181 1033 3070 476 590 745 3089 1444 3607 939 2711 2983 2256 1400 
1401 3565 2514 834 2273 1661 1734 411 1176 2042 141 1882 3674 723 2011 767 3071 483 3507 2175 2103 908 924 368 2027 798 2192 609 2058 3456 960 31 763 2515 2482 3072 2614 3014 3397 1423 2970 1310 880 2029 1320 1680 1746 871 642 2488 2860 788 3216 716 2616 2168 2458 2133 1810 1451 3226 1541 
542 3790 3387 1952 99 539 2433 2242 2848 1982 3153 3733 3731 2678 1305 87 1499 2106 3533 1040 711 1002 3522 290 529 3766 1562 1825 975 1635 3051 1406 3820 2108 2357 3700 546 2612 2075 42 2019 2853 166 3382 688 1135 1491 2408 3417 3095 2976 2576 691 1453 3619 2989 2791 2218 48 2834 1874 2351 
1175 1479 2354 3441 2505 1447 2440 3163 673 941 2790 1595 1314 2132 1799 3388 3485 841 618 1511 1715 1279 3656 1085 3740 2500 424 2833 1253 2683 1341 1776 1552 847 1722 1884 2099 783 306 3707 1767 1365 1543 2190 148 2861 2237 456 1112 843 2813 245 2360 136 778 3324 397 1129 1059 1642 3558 2534 
2634 3819 3622 3342 1220 3690 3274 1608 3580 2933 3350 497 1495 2898 352 541 895 2521 3489 96 1591 2425 646 2734 1080 2621 2945 2233 2255 1072 1186 1603 2737 528 1824 1470 1768 3498 3461 1660 1870 3236 1699 2917 2779 3637 2119 2225 2569 2049 2518 1890 372 3396 83 1742 224 3596 2323 1266 758 2624 
2172 1230 1666 1964 3771 3341 1134 614 1121 1014 248 3058 2232 1389 184 1170 780 3597 2673 1184 987 2951 2076 3554 2750 513 953 2023 835 1196 265 3305 332 792 1638 2227 672 1142 3186 351 1461 3110 2450 1770 3275 2338 986 2578 3365 457 153 1563 189 1113 1090 1817 2546 2910 1867 92 1624 3824 
1751 1361 2990 571 1298 1544 1581 3176 1358 253 1137 1449 1195 708 2138 3568 1573 1052 1851 1630 824 2286 1378 3409 2831 3587 1575 1880 1503 985 3398 452 106 3676 1209 1513 2926 3602 2057 916 1450 2033 93 2905 335 818 1720 445 1329 1787 1805 440 1411 1875 277 2628 3368 1458 1043 587 1412 1743 
3262 1954 959 3411 838 1202 1853 1834 2520 2761 175 2420 76 1229 520 2065 2792 936 637 3300 348 2226 2064 3711 2299 2591 2633 349 1953 3349 3146 2719 112 3078 1739 2013 1318 2698 2567 362 797 140 2594 1264 3326 2714 2892 842 883 805 1396 1545 316 764 740 1728 1617 21 3343 1935 2457 3405 
2809 2423 3091 1288 2958 2799 930 1724 364 1968 1986 1525 1977 1414 1918 1711 3167 3738 2063 2731 2352 952 2613 1164 146 2839 2653 3557 932 558 2494 43 198 1909 527 2095 1748 1497 1024 3503 3694 2302 2114 2729 1174 1468 1088 160 3479 2727 2855 1571 2181 2717 3610 3635 1556 1569 3043 3317 3394 2847 
2760 2002 1476 37 937 2806 3782 1185 2923 1057 2452 451 1083 3556 2422 3593 3266 194 1592 3155 3459 2020 2171 2937 2710 1994 791 2024 131 1303 770 3036 861 2511 2345 593 3244 2874 3148 345 3687 721 1101 1759 2410 1013 3322 1926 2466 329 2603 2040 2556 2528 537 3114 2844 3011 496 2741 1359 1201 
2156 2921 2365 506 2303 1999 2358 2409 2928 2389 3714 462 995 3631 413 333 1924 1472 591 2692 3787 1934 615 508 1483 773 1089 1051 755 2198 1704 1685 3389 2122 3235 2736 2776 2030 827 2094 3025 671 1659 1452 3563 3746 3546 3229 1255 363 802 88 2846 1199 1645 3097 548 3209 237 964 1161 928 
2295 1348 1917 2059 2238 1588 3052 1070 1382 1903 3514 3749 3828 35 3119 1456 1290 2100 3699 3395 2720 403 2312 2955 1741 1384 3829 1886 2274 3308 433 3615 454 2183 3779 474 1623 2402 78 1604 726 3099 2538 1958 1330 2117 875 3034 1207 3797 1354 933 3532 285 3704 1251 1438 1355 2743 3323 2753 2496 
3332 2489 700 2081 3197 3002 1714 179 2437 2272 1865 2782 1212 3272 1677 2545 1130 394 1259 2652 1372 2005 312 3681 2222 2979 2102 80 3069 944 226 1474 1946 1417 3066 2006 1169 1147 1681 441 2453 1577 2346 3516 1462 254 641 2374 3689 2580 2012 1364 1249 886 41 395 1911 3671 904 2362 3825 2781 
416 2245 3629 1282 1258 2239 3123 2078 1366 434 1725 54 3534 2483 3708 2062 3424 2512 680 1335 3251 3337 3238 1345 1211 481 1864 636 1524 1510 816 2677 2646 1609 199 3418 3258 1448 258 2399 1295 503 1226 1523 785 1377 450 3189 2486 2896 2507 982 918 2675 547 3588 3484 3778 3751 3839 2702 2642 
2787 580 1627 3331 490 1801 2215 1641 1757 1549 2966 3047 2599 1166 3018 3192 3483 998 1008 3455 1707 3511 887 2311 3205 575 3172 557 1792 1905 344 1380 461 3309 1546 1283 3793 2967 3354 2914 2332 2430 1095 325 3129 1036 2523 2703 523 1858 50 3583 2294 1860 1420 2894 3595 1700 3709 1454 3792 2506 
1916 3445 2043 1639 1054 3775 762 3808 1939 2412 1271 2788 392 2067 328 2639 1308 595 2832 3423 1691 2319 2939 3574 2998 1842 1445 3712 3647 470 34 64 2821 3314 1323 3060 2491 2733 3427 2206 1457 3242 1465 2098 74 2707 2169 19 597 3249 3103 2938 1011 2609 378 855 2210 2336 68 2363 956 1740 
289 3356 2037 382 2050 611 3683 3220 357 3187 3506 2474 1075 1547 2129 2194 1307 321 1709 3636 2747 1929 219 2427 919 2655 1293 2911 22 3562 3374 2148 2558 182 658 3759 2686 540 1668 2348 1000 794 3639 1045 1574 934 1753 689 1442 639 1437 1703 2957 1342 958 761 1915 1507 2948 227 3625 782 
1092 103 460 526 104 1520 2695 599 1337 1833 1488 1687 1062 3634 1789 622 3591 3528 1241 1537 2322 803 347 358 2987 3457 2301 2725 1745 273 1302 1489 1938 3086 1441 475 1115 1841 1484 3531 1795 3523 1664 1944 3443 13 3263 1210 2083 2765 1352 2170 1234 1351 2880 3121 1522 776 2838 2794 1686 705 
1602 1855 211 3068 3722 2221 2235 806 3682 699 412 532 3028 2605 81 1038 3693 2984 1531 3108 2400 1762 732 2669 1287 2369 1771 2901 996 3379 1975 2217 1862 3102 1455 3538 2199 143 1512 971 870 2588 892 2796 443 1791 1594 3040 1009 2629 2636 1122 747 3399 2213 3613 1593 2650 1611 1138 502 2144 
2209 2843 3355 1035 110 1334 860 1819 2664 3158 1785 1098 2618 486 3358 1972 132 3812 1081 897 2335 3823 3237 3076 2293 3559 417 3510 3841 1755 2016 906 1694 1612 3127 3199 3494 836 3044 2187 1657 3152 832 1284 3436 2231 1223 695 2647 2582 3283 2145 1843 2353 2784 2532 217 2205 137 1873 3299 3680 
2478 432 3789 2263 3653 2460 2176 7 915 1564 314 2800 379 157 1888 3306 1557 2211 2146 1979 3200 144 1758 1922 3542 1502 1311 292 3462 3718 1331 1881 2552 1807 1966 2054 3807 3126 492 2709 338 437 965 341 281 3392 1752 2197 2826 1551 2887 2121 703 2184 1730 2007 3260 1706 735 2572 91 873 
1961 3292 2071 1718 1419 2324 272 1962 2974 3304 178 2101 610 2563 2320 371 183 2811 612 2982 1912 3159 3626 276 2668 2397 656 3517 3112 1110 2590 759 192 3303 2155 2318 3081 1023 122 2589 16 1861 1027 1615 3141 725 1204 1012 1930 885 2152 2952 774 638 2160 2364 1197 1163 3407 2651 3599 1273 
2529 3720 1802 1796 1319 1246 812 962 2889 3140 3419 2906 851 2823 1553 3098 3059 3650 1653 3582 1187 2541 751 3120 1333 694 1254 2803 859 1932 105 334 3165 1710 1078 1872 85 373 665 3608 525 2596 66 2915 2207 155 2088 63 3273 215 3473 675 2527 3301 3010 1353 2900 2321 2602 3463 777 107 
3256 1570 722 1375 2679 2118 1376 3259 2827 3416 1993 230 1031 731 2991 1820 1131 1989 1980 3050 1876 1370 1618 2385 2004 963 2931 3598 853 17 1988 1105 455 1193 1697 2254 3210 3717 2240 2249 1678 3 684 894 3701 825 2178 1948 2193 232 2072 3698 2291 1003 1535 2041 728 2372 903 3149 2469 3093 
2699 3064 1219 2021 238 583 3744 3315 757 2116 679 1737 3657 2798 3286 2061 1933 3614 2280 2705 208 1386 3589 2942 623 3061 2366 670 3173 354 2608 3234 2110 697 3616 2492 2849 2994 1631 3685 524 3651 1168 2347 2977 2950 280 3776 839 429 2349 342 605 573 2429 831 353 1272 2828 3125 381 473 
2149 1998 1560 2247 3753 1550 3252 1198 3745 2444 108 3772 2516 431 1846 2326 1747 2797 275 1823 2597 156 229 2442 1347 3031 509 1280 620 2908 1519 2096 2464 3429 2244 2965 3413 826 3830 1597 1960 1844 2060 2672 1713 2008 152 2785 1733 1765 2258 1102 356 2607 234 2316 2355 3818 2092 3750 2105 905 
1415 2962 988 2972 3211 3659 515 138 1405 2435 3727 317 1340 2264 2173 2383 2667 154 667 734 1992 1981 1460 754 2840 3518 2189 3320 3612 1240 1104 809 911 2943 869 3327 3057 295 266 2531 1006 120 578 1252 1688 3311 746 2126 1744 1857 1883 467 1900 207 2876 1360 3106 1349 1429 3668 3156 973 
2053 2544 1830 1424 560 512 389 2875 2690 2817 3338 3437 1579 594 188 2159 1644 3465 3831 3827 833 287 2913 2375 3496 1324 804 3145 1690 491 3794 3062 1056 1567 3833 297 554 482 339 2147 1203 3227 485 3495 3032 2382 446 1665 3291 1473 2143 3609 2252 3448 396 2758 2865 2829 3049 3486 2755 1877 
1262 3500 565 3357 1394 142 3414 3573 327 3645 2307 3811 2732 3633 628 3497 1637 2163 3703 1 235 820 3348 2820 1967 3764 428 3757 685 2418 151 2431 2470 1150 555 3594 1116 2278 3180 2555 2379 2499 1466 3527 3475 2907 36 1395 1921 3381 769 3440 3132 3795 3735 3375 1233 3269 1344 2343 3652 3817 
3013 2337 2085 2473 3194 2230 2854 3454 3195 3529 225 1171 1232 3519 222 2415 3280 393 931 3836 938 1878 2836 2164 3669 2818 3569 3370 3206 2704 1146 3245 3225 2325 1832 2775 3816 326 2918 581 1316 829 1671 566 2973 1435 2593 2763 3672 77 1991 1326 1779 3154 3434 3267 1773 1322 376 2801 2361 2547 
471 49 2536 186 90 2048 330 2290 1811 1350 1392 3798 3732 2522 3601 2858 3204 1548 3376 124 3033 27 1838 3512 1079 113 693 2417 2009 84 1829 2856 603 3335 1325 2404 2039 3466 1440 1021 3728 1959 1067 3184 384 3329 2439 2859 1813 2334 318 1786 1539 162 2862 2694 2723 2542 2606 2260 3212 1428 
2339 1123 946 3769 3042 753 781 993 2626 294 1566 2807 1244 644 14 633 336 3131 3135 1141 2738 1100 385 3029 2949 2795 1584 3579 2566 3834 2022 2611 640 3422 925 2228 1803 3147 3270 530 1091 1065 171 2203 1481 854 1936 2888 1913 426 30 940 3611 1327 579 2154 1379 1156 2177 286 2691 97 
1716 686 3641 2712 3492 3777 488 3208 2015 1797 3218 1898 2305 1245 2772 135 3384 997 2716 340 279 1443 1256 3196 3015 3505 3471 2754 2261 2549 1996 2495 3213 879 1622 3474 1128 12 2640 2396 2428 1869 282 3318 2052 2125 3162 1583 1099 360 3739 2980 1596 3765 1403 3665 65 2895 24 2201 320 127 
2214 1200 2446 2793 2902 3499 706 3118 3410 3604 1673 1446 1808 1781 3667 3741 3726 3476 1391 1055 3104 2438 1793 582 1782 1250 3643 3431 3373 172 3666 3843 2768 3706 2881 2161 619 2212 1794 484 661 3109 399 2449 3254 3302 1815 220 2780 1227 2885 3470 241 391 1732 2151 2773 1619 601 3279 917 247 
846 1398 29 2298 1053 1413 1257 2403 1124 249 2726 1431 891 3736 212 458 729 2789 2419 1676 2266 244 1097 1321 2315 553 1647 1601 2174 3287 202 596 2879 727 2550 2548 2038 3175 744 2574 760 293 1777 1527 3027 190 1356 3378 617 2421 856 1955 709 874 221 3488 3063 3347 585 1798 2445 1698 
406 2932 2868 2342 2142 2625 3755 2344 819 10 787 741 3232 1387 1816 559 2304 45 1247 1367 261 2903 1191 584 3539 3742 1985 2871 2886 3551 1433 3670 3055 2985 2924 20 149 1422 1221 738 507 2306 2104 3842 2663 1828 2153 2825 2051 2472 1126 2268 2465 3294 535 616 2562 536 3169 1296 1646 3719 
2136 3393 2526 303 86 421 167 577 315 2762 2920 1183 3617 2551 2963 2195 95 3214 2568 1026 1504 69 913 2525 807 193 3001 2919 588 2208 3390 2835 1559 121 3088 2188 60 3067 2783 1001 1648 3801 3191 2220 2498 2883 1153 2032 1586 3230 3122 2350 3185 664 2479 2571 3822 3046 1066 2718 75 313 
2074 1498 808 604 2045 2845 2601 3592 1809 2897 608 900 3385 259 1721 1007 2384 2946 2157 3677 3296 1976 2617 550 2113 2912 3806 1899 1848 650 423 2182 613 3661 2475 3116 2759 1914 3224 3493 1421 2554 1243 1651 2115 472 408 2289 3352 2327 125 1145 2842 1025 830 1598 2598 3606 130 2863 1847 1133 
2774 3688 3142 3773 3217 494 678 1299 3648 3796 1555 549 1585 3361 2246 592 3760 1127 2262 2134 518 2960 1132 3632 463 3549 922 1614 3107 3548 2127 1632 159 681 114 3536 3246 889 3628 409 1041 1160 2752 3367 2243 3480 2786 669 1736 866 2757 2028 845 3233 631 2857 2561 3526 2497 453 704 1235 
1521 3710 901 3346 2884 1774 2250 3426 2432 2819 1225 3285 1016 1017 170 3663 2748 98 947 2456 3054 407 1956 2079 3371 1189 387 1923 1039 687 2093 1119 324 992 418 976 3472 3508 3810 2524 2216 298 430 625 2841 2956 2090 1063 1542 652 2391 3143 2069 3264 692 2997 1020 383 2426 401 784 1679 
2070 3621 2909 1260 3137 70 139 586 1397 2721 3319 1294 3017 2279 1034 3802 1301 1374 414 3000 3743 2936 361 3541 1139 2091 1388 2964 442 3570 32 2641 3800 2766 3297 2401 5 1907 1218 801 296 2407 2658 1068 3788 3756 3362 370 2929 1919 3837 2930 1649 2468 2701 468 822 204 2586 283 2476 909 
3748 1390 2993 3307 185 1486 1780 2097 1969 2000 3446 2317 3223 3009 1213 2604 3151 1682 884 3364 2689 3691 3257 1951 1719 56 165 1568 3815 3623 3464 696 2659 1393 3261 1427 2575 117 311 978 3521 1667 6 3571 2086 3111 2622 1222 1117 668 2333 2592 2730 504 3627 2615 3435 1385 2740 961 607 2981 
3366 1652 3284 2890 991 2309 270 1859 11 3136 246 3504 1167 1317 3290 3781 968 981 1172 1538 3420 3124 1850 3406 73 2405 3096 1292 2285 1990 589 949 1418 1159 23 3134 3716 677 1061 3094 343 390 3386 2451 18 3705 1625 2925 3228 1436 2034 1863 257 1576 662 1125 1529 33 3041 251 3138 1267 
1970 255 2746 1578 1357 1849 942 3377 3183 2025 1565 1228 1178 2700 2585 3369 1949 1835 2564 3547 3576 3340 3004 1010 3215 1973 2502 2584 51 1605 3624 1217 1812 2600 743 864 2378 742 425 1536 3763 2055 563 521 1517 2467 180 511 2501 2443 2953 1306 3673 3276 1238 2 495 459 2271 267 2328 271 
2185 3723 1655 3415 3231 544 3520 3442 3544 3803 1613 319 3696 3482 278 2447 2850 2368 111 1628 564 1717 989 3767 2308 2158 712 2947 1208 3664 2687 3101 3360 3572 3075 3181 1582 1772 1904 1526 1231 1064 2046 1022 2140 2001 1937 3662 2893 1046 2288 3786 3328 1402 487 2236 3421 1925 3477 291 288 3785 
1790 1194 543 3567 1761 3513 1399 914 1492 654 3737 2313 3702 3453 3243 438 2713 2619 388 331 1463 3537 3325 1265 447 3679 1469 3458 3056 1658 3333 3697 707 493 789 1887 2735 3460 3725 3255 410 3198 2128 1482 2130 59 94 3006 1430 3566 2579 2376 2537 2150 128 3715 1634 2656 1804 945 71 1534 
134 1096 3814 3630 3312 55 733 2395 1931 1708 3577 299 3467 2394 126 957 164 1983 355 2341 779 2493 643 3030 3730 2706 1371 2816 2767 3293 3334 1173 2082 1600 898 2697 2241 3515 1157 307 1766 3444 3605 935 786 1750 2623 2940 1432 1620 1369 2257 2519 350 1640 1114 2259 3655 489 2411 1995 920 
3649 205 263 3115 3509 630 2739 1906 2087 2959 3585 39 500 3282 1654 1518 3564 3079 3310 2864 3128 3603 2808 2631 2670 359 3644 2535 3432 927 1490 3552 3487 3160 3250 1763 1572 262 3383 1028 2916 405 1336 3190 116 999 660 1621 3177 948 469 907 150 3179 2770 3351 2413 1727 967 3450 2131 2662 
2386 3758 2292 402 2269 2744 3321 1692 1426 923 3724 2674 102 46 169 814 3578 1943 872 1425 53 302 1818 1669 840 3239 1304 2073 717 1674 3449 1974 2477 2648 1154 648 1908 1729 2802 44 89 2387 921 2448 3400 3402 1152 3117 3586 720 3729 730 519 2771 1291 4 2637 2503 2899 239 3799 984 
1144 1416 3813 242 1471 2066 3654 1852 2810 768 2645 3478 3288 216 377 1094 2510 1313 3844 2380 3468 2745 499 2398 645 3540 2359 1084 1514 750 896 1058 1769 1286 2330 3313 3545 1505 1656 2123 3774 2089 3555 793 2944 1216 2284 3039 1087 2722 3363 522 2331 865 3240 3359 3150 718 683 1149 2644 1368 
2975 2882 3092 223 752 1840 2234 983 300 2124 1111 1897 2441 1343 2565 3182 38 8 1496 714 2508 655 1188 1206 849 1987 3083 1082 3247 3502 2922 510 119 1971 3008 713 3038 2715 1120 2777 2462 3447 682 28 3372 2392 129 2026 2414 1278 3780 1893 1675 2986 3638 422 3826 881 3821 2504 3188 2434 
1643 3761 674 1268 1845 690 3658 2080 1381 419 3100 1106 3085 1854 3451 2219 3336 567 3353 2570 551 2267 990 2927 3077 1093 1346 877 158 848 1528 1050 1561 1515 2665 893 724 1836 2610 2224 1032 2688 3695 3686 374 2018 2056 1508 305 100 1945 191 3561 3139 2749 1879 2035 79 3770 902 3171 1236 
1784 929 627 2643 209 1626 3035 2539 1060 3838 3164 218 955 1362 3553 2265 1275 1205 765 3203 2251 2560 3222 1475 3438 2693 994 57 974 3170 498 2682 2872 1837 466 2866 815 649 878 1928 1827 304 2961 598 562 899 2557 666 1606 323 2388 602 926 2513 912 1902 2696 3084 147 766 572 1738 
1775 969 890 375 203 369 3207 2200 448 2543 3012 3408 876 2310 951 1530 1494 256 3525 3721 274 2229 3734 3747 2416 2371 195 1695 1633 1019 9 966 1309 882 2684 1532 2676 3016 2649 3295 2340 2540 2638 2680 2935 3157 308 1048 1506 3832 400 2627 1037 2481 1891 197 72 3784 1237 2671 231 545 
910 2999 1940 187 67 2954 3805 2992 1312 252 480 2620 47 109 2870 1086 2463 2577 1963 3783 386 3024 404 310 2036 1224 1684 2837 1941 1831 3168 736 2681 1500 1788 3090 3144 1049 3412 436 3080 1328 201 1477 3289 2971 206 1018 2995 1242 1587 574 3005 1069 1074 1383 659 2487 2077 1143 3201 2708 
1047 2179 465 2367 1029 3600 1148 1871 3675 600 3166 1997 799 1856 233 3430 1276 1978 1554 2436 415 568 3271 3193 2851 1073 2595 1701 657 427 214 380 62 1663 2281 710 3501 1107 3202 569 2941 264 858 1118 1487 2978 133 168 1580 3219 1672 501 576 40 3130 3575 1822 3768 3590 3268 2657 1214 
Secuencia creciente de mayor longitud: 
3219 
Execution Time (Microseconds): 54284.5
