MATRIZ A: 
1625 65 694 347 1507 499 1056 460 902 129 885 456 563 199 955 971 1704 1066 1467 233 991 338 480 27 413 273 337 1058 805 659 78 167 627 1492 157 426 738 104 1065 674 443 1503 
132 882 792 270 1520 359 770 421 686 314 1649 1220 1604 925 309 899 91 701 146 1078 1691 696 125 272 829 216 1606 327 893 952 646 1194 77 655 1435 147 545 1741 1565 1489 924 1399 
416 862 552 494 1292 1438 313 370 197 488 903 1640 1278 1413 224 321 877 1102 175 597 1615 251 87 315 1519 798 936 898 1448 676 589 1656 1017 142 1540 651 1042 96 1015 1034 513 981 
301 296 185 297 1725 1574 285 1644 211 700 414 809 119 1272 1004 1669 1610 192 166 1246 190 319 1333 1583 650 322 1419 1027 154 845 818 255 663 1470 1054 444 1080 1117 252 926 1719 457 
246 57 172 1422 576 1439 542 1459 139 46 1267 511 1550 428 1529 1506 691 178 846 631 173 1217 242 1562 474 203 1206 1712 1316 537 1676 765 725 4 1020 114 1100 1366 349 759 1151 622 
807 1446 70 723 232 230 80 582 32 1024 1063 1358 1762 620 1398 518 1293 740 410 837 58 1155 1006 1471 804 1707 888 1173 858 744 878 1290 1464 822 1002 588 1401 735 968 910 450 1158 
1133 1633 528 990 108 630 303 170 1484 1149 1436 1381 598 333 1329 179 81 1271 389 594 1462 1673 1172 447 1300 284 1338 19 1421 59 558 106 479 1552 1722 1418 1380 20 1084 62 634 1298 
326 890 107 1099 1441 1570 779 1592 821 1761 856 1548 1331 340 652 1087 402 817 747 1573 754 743 1431 719 1735 638 783 941 213 1270 257 1456 1351 1609 975 1153 268 777 717 956 872 565 
1188 1510 1274 1352 198 913 1196 1579 1679 715 612 468 383 897 839 653 1195 1090 1302 74 1069 1138 475 629 1308 1283 1732 1426 1279 960 702 1347 1508 585 353 782 1752 101 1723 1304 67 23 
806 567 1497 591 1686 24 621 165 666 847 341 1556 1658 974 935 560 477 958 116 21 153 879 1378 972 544 85 302 478 1440 1137 1303 1003 1694 681 1326 584 778 524 26 938 966 1701 
979 619 1075 774 519 1256 794 695 922 1083 639 271 38 1747 54 1322 442 1319 944 1460 1542 826 240 1082 851 1184 1224 669 762 339 1341 379 1121 258 406 1012 602 176 911 1157 254 752 
896 814 1035 355 1276 1190 262 111 615 121 1091 506 1416 1487 948 965 55 387 713 3 601 1703 97 283 1268 362 1368 1661 737 128 533 590 1437 331 363 6 1073 555 1340 290 614 1254 
1160 287 1089 382 1109 1167 961 1447 833 1110 959 1417 772 915 999 1654 1708 476 831 1186 748 33 1356 706 611 675 430 531 763 1244 1367 1382 835 1301 969 1336 1394 274 985 1619 757 875 
1011 609 1210 1463 1282 641 1628 1181 642 1310 63 904 1009 1159 1314 1659 133 1515 1395 45 571 388 219 1204 1584 411 1680 1046 221 1466 708 769 291 1641 1639 865 1572 728 761 1667 1163 1031 
1589 672 945 1553 156 316 207 920 699 957 267 134 989 1522 1013 1141 212 1525 1729 1607 816 1365 364 436 712 1578 1423 917 310 532 1335 1154 29 685 510 1286 844 850 707 289 1280 785 
1490 793 393 832 248 1494 1598 861 1695 1527 1064 1343 724 1123 461 1617 1672 946 949 398 1192 1000 815 201 328 1495 1248 155 469 1249 781 1081 880 304 1502 25 541 122 280 408 9 1125 
1638 352 1596 1603 919 138 100 1166 871 1662 118 1199 1092 424 1349 1645 1511 1481 317 1414 103 265 1764 1434 1499 345 48 864 1076 482 1209 810 295 357 451 292 288 489 378 1360 894 1061 
1142 325 977 801 1299 551 916 365 980 409 517 718 548 819 1284 334 1289 640 689 144 496 1180 1098 1396 278 403 1033 438 1068 549 1567 1493 1345 1692 50 658 446 1359 1545 401 722 1549 
435 1454 1390 929 1201 1458 1334 1245 1189 1108 86 1086 1478 433 556 1175 661 131 1085 500 1315 1223 569 1623 1664 1203 657 18 1742 673 42 1528 645 369 1177 1227 282 1465 1233 1389 1597 466 
530 1384 1174 1339 16 1327 895 1005 1161 1324 405 130 161 1228 1560 1185 110 1564 1306 234 1008 1221 239 318 1038 1021 881 963 1216 874 1443 194 1049 543 152 1551 512 1479 404 914 842 811 
1232 607 1496 374 901 852 1710 1733 887 36 135 1275 1646 386 942 425 605 367 384 714 1313 186 1107 1030 828 908 953 1145 1699 581 572 600 1115 1643 1241 361 786 14 445 643 1044 983 
1424 275 507 626 13 1665 502 1202 1739 2 1488 241 17 780 593 1328 1428 1734 934 195 775 1200 467 1666 1538 218 88 1442 525 1571 745 1403 83 648 940 1677 1758 1362 1140 1663 760 684 
1277 47 891 380 1361 1668 827 464 1114 308 1215 849 1062 1429 1120 90 293 60 840 523 654 1348 1250 1376 773 599 311 1263 56 834 93 1182 385 1093 392 527 876 1397 1342 987 838 71 
1593 797 1255 1059 984 536 679 1269 256 215 1045 716 1171 1563 869 703 1205 704 143 950 550 928 1693 1745 768 668 796 579 455 1291 1717 1624 417 1504 546 1041 1067 683 485 1023 1242 1474 
824 1750 1580 573 1483 229 73 1759 486 1500 354 459 1136 276 538 863 434 791 613 1374 1296 1455 458 1057 1554 559 812 1122 566 1432 1445 1514 1146 53 1618 191 1295 808 40 1711 1518 710 
554 1634 939 1162 1257 358 30 1043 1072 1152 1581 1178 1 522 350 742 1482 1660 1630 148 508 1576 113 204 1512 400 1535 1048 1650 947 628 1312 825 1264 1088 1222 664 279 253 372 741 868 
346 427 997 750 644 1191 471 259 1388 709 951 993 592 150 419 39 1410 726 105 803 800 886 453 964 1714 95 1321 574 1517 776 1740 1143 830 84 1611 1620 813 1022 596 1757 1372 263 
1364 784 1591 10 1526 41 238 1187 529 356 1642 1106 136 1386 1294 503 336 160 623 360 1491 368 1357 1132 1393 1055 1285 540 220 1546 1325 1582 329 1039 1016 82 429 1731 625 1001 1655 721 
994 1247 1225 396 69 182 37 1164 222 1211 853 151 440 1537 495 1126 1239 8 1198 493 1371 802 115 1130 1430 247 92 1755 28 269 1103 1231 126 578 764 787 982 1405 1148 1252 1558 1532 
250 1728 1135 1586 732 1074 996 164 1627 487 431 1505 1531 5 418 174 415 1375 610 731 1566 342 412 1406 1243 472 1473 300 1626 15 1258 1653 604 1513 1539 1608 547 266 656 705 377 1373 
583 1032 449 323 432 1119 734 580 1600 376 209 320 1636 120 1014 395 1214 34 756 1536 1139 1050 758 535 733 1599 730 729 1730 870 751 570 1213 1756 1047 343 1344 889 857 771 1040 1453 
1486 399 448 1028 698 978 1420 561 1475 1585 1251 1253 1427 1234 7 1318 1651 11 1240 124 1262 249 373 520 171 22 553 210 351 1387 1587 324 231 749 1197 633 330 99 159 109 1480 943 
998 789 1516 855 1721 1601 391 217 35 884 305 954 931 1105 189 1169 962 608 1183 1404 1461 1411 141 690 988 1053 228 140 727 1468 169 1377 918 223 243 299 767 1469 1652 848 1265 1457 
1311 1724 332 1323 1524 1226 407 836 637 504 1760 1170 137 1683 1632 1052 986 1305 1763 509 577 1007 244 1705 452 923 854 193 687 1400 423 1036 1688 208 441 568 227 736 205 1408 1544 1230 
214 755 490 1018 68 1165 906 866 711 921 1131 1266 491 1237 1019 521 932 1678 670 123 1392 1070 909 1737 1297 294 1559 1674 1212 1575 1595 162 1612 677 1219 624 1452 1112 1415 75 1407 196 
1685 515 617 603 484 1485 1738 1568 286 226 1287 1026 277 1744 1720 498 158 52 766 753 1594 1616 1353 739 1450 1150 883 76 1383 665 1095 1176 1648 206 667 1094 1369 236 1060 1444 481 168 
1697 1317 1111 1684 967 1330 927 437 992 1530 1096 635 1726 1555 1588 79 420 1749 1451 312 660 1193 1727 1637 72 1391 1355 1337 682 188 1590 1569 43 66 31 375 1690 245 454 348 649 112 
1079 381 1671 1124 307 181 1116 344 1281 397 1235 1541 907 1029 1718 1498 534 1577 1260 1412 501 823 149 1700 1354 89 636 64 516 1259 1477 1077 1689 44 1168 1682 1309 117 892 1113 200 867 
1332 1687 264 692 587 183 1746 1179 688 1370 1523 492 647 976 1147 937 799 905 98 187 1635 1476 180 12 1509 720 145 1097 1037 1118 790 422 298 678 562 526 680 281 1129 61 859 1501 
1748 586 1647 1670 237 539 1307 497 1127 662 1350 1346 1543 1716 1657 514 1288 1229 1557 470 1736 930 1605 1629 973 1385 1261 465 746 394 1449 841 261 671 1238 606 1071 632 995 177 371 564 
1614 1025 900 1698 1134 462 1631 1472 1602 1273 1144 1208 235 1320 1010 1128 795 1533 618 1101 1621 1713 595 1706 1534 1751 1754 1521 1743 184 1402 788 1715 1207 390 1433 225 1379 102 873 1702 473 
1218 1753 1236 335 1363 697 1051 202 439 860 51 1613 912 306 693 127 483 843 1156 820 1425 970 163 1681 1622 1675 505 1547 1104 575 933 557 463 1409 1696 260 1561 94 616 1709 366 49 
Secuencia creciente de mayor longitud: 
729 730 
Execution Time (Microseconds): 17280.5
