MATRIZ A: 
37 147 350 96 192 283 70 346 25 362 376 291 74 420 6 426 345 55 234 65 4 273 
243 167 481 437 153 331 449 106 51 428 225 465 356 69 313 72 66 82 375 235 250 248 
95 224 458 76 122 258 249 198 412 355 297 99 60 97 332 430 414 155 247 107 133 11 
324 121 335 39 116 342 130 294 452 353 315 209 320 193 277 366 435 295 378 308 445 318 
210 402 260 427 358 126 266 212 215 462 317 197 45 56 407 233 382 254 463 237 284 23 
137 142 33 81 333 183 347 221 269 94 195 344 98 232 451 444 87 127 393 216 140 352 
160 321 341 38 361 475 397 238 263 242 24 226 328 30 187 312 253 340 439 309 86 239 
400 395 241 389 90 367 385 229 391 298 58 348 278 172 261 227 77 468 314 270 287 246 
379 41 404 401 219 289 305 61 149 259 440 290 434 275 141 480 109 279 319 36 472 217 
454 28 464 310 425 421 299 244 339 177 338 168 288 267 450 123 115 257 100 194 32 52 
20 1 292 363 47 307 164 461 474 330 271 93 135 408 223 144 124 157 205 443 301 49 
35 42 128 199 125 162 268 264 207 349 236 120 174 117 231 10 150 40 424 403 272 386 
16 188 213 365 31 80 373 429 171 136 64 19 138 336 154 380 479 222 477 325 208 316 
111 151 285 83 146 337 119 132 482 359 175 411 101 88 201 387 89 422 161 457 409 34 
182 311 220 134 364 296 156 48 418 303 326 63 78 211 360 53 410 17 103 203 173 456 
381 396 245 369 8 214 323 306 75 230 46 274 170 377 384 2 67 293 59 178 71 7 
466 165 143 29 185 455 9 252 286 92 91 114 436 469 118 372 152 110 383 204 131 191 
108 79 300 453 431 413 484 416 22 467 432 392 406 255 433 163 460 190 280 329 471 265 
374 405 327 148 202 394 186 5 139 102 62 129 276 473 158 478 423 50 12 417 419 470 
448 442 179 256 354 447 357 43 218 262 251 112 181 370 57 196 441 282 184 483 44 228 
476 351 281 438 180 388 176 26 3 322 459 343 368 206 200 18 84 85 415 240 399 390 
159 14 446 15 398 13 113 104 54 189 302 21 304 371 105 73 334 27 166 145 68 169 
Secuencia creciente de mayor longitud: 
91 92 
Execution Time (Microseconds): 2615.9
