MATRIZ A: 
140 52 15 129 87 51 97 64 84 12 122 79 
10 74 126 37 4 132 25 38 22 73 27 103 
72 91 65 62 107 116 16 99 46 105 14 141 
92 85 110 32 82 24 29 106 9 59 139 57 
142 111 23 120 8 34 113 108 133 100 117 54 
71 80 98 96 131 89 109 95 66 143 114 2 
44 112 138 21 35 60 135 104 125 115 86 30 
90 130 67 5 1 101 11 128 127 13 70 49 
55 43 56 69 42 124 3 33 36 134 31 47 
118 53 75 6 39 50 88 26 48 144 19 77 
78 102 83 94 123 17 18 61 7 137 81 45 
28 63 20 136 76 40 119 58 41 68 121 93 
Secuencia creciente de mayor longitud: 
17 18 
Execution Time (Microseconds): 485.6
