MATRIZ A: 
2405 2814 1404 766 2512 5481 892 117 3187 3877 6330 2373 8230 5758 8430 3026 1348 3553 5107 521 5619 3936 3024 1585 4488 2560 7101 20 1812 742 5961 3984 3306 8130 330 3030 5600 1846 1589 1748 5763 4763 5261 1347 115 440 1768 7840 376 7772 2443 537 2798 6634 4000 3208 1825 6352 3944 1785 4002 6431 4386 391 234 3080 178 655 7449 7382 6855 3499 3471 1239 423 1248 4371 6479 711 886 4318 3166 4628 4391 8285 959 2651 6014 7119 3605 4164 2667 
3282 6098 6606 2925 678 8217 2750 580 2150 1131 5965 5136 3007 5367 8133 7958 917 6041 2926 5922 7452 15 407 8127 6520 2360 2076 4870 7429 2482 2742 739 2374 1327 6754 1065 7913 8246 6914 3469 8411 1325 519 109 3705 3988 2288 7218 4679 4790 7776 5488 564 2080 2194 4216 5970 4451 4783 2535 1541 263 783 429 6113 7407 8225 2390 1434 4621 5797 4166 3028 2165 5661 4941 703 5809 3455 1820 2797 3784 4523 5272 6095 646 5163 2861 3706 1441 4180 4022 
5534 4366 1873 8190 5048 820 3225 4651 7547 4282 7921 1341 1479 375 1629 5585 1913 2083 7646 3033 5884 7626 2685 4152 3180 807 7871 2027 6006 1833 2436 3383 3350 1260 6326 611 8034 3949 4884 5106 233 1164 7925 1322 3179 2815 7659 3467 289 2928 1994 1060 1450 4866 4876 3042 1956 180 1652 5424 3114 1906 7347 4977 2643 3669 1515 7433 526 7292 4957 3381 7156 671 7046 2334 670 7062 6982 827 7656 4055 8157 2946 4462 6463 683 6087 2394 834 6676 6600 
4027 864 3707 3473 5285 5751 2469 7819 3888 7880 1134 8010 5498 271 8066 2306 2324 2346 7469 751 5250 1960 4841 7377 3191 3543 6801 2371 2039 722 6441 2979 5874 3436 5258 3056 4078 1109 1896 5755 5794 2792 958 4547 5253 4058 5578 2212 1176 8448 3055 5310 3709 3574 2749 5235 1476 6408 1786 5469 647 1339 2493 4766 1012 5625 2197 4759 6036 3195 1890 3377 5455 1165 2855 8455 242 767 1489 7621 5306 4873 4043 4066 5236 2620 2148 5370 4574 3108 1925 1495 
110 4106 4107 6315 4142 372 652 7316 5357 1869 3447 6364 6236 3248 8221 6583 3735 4084 4579 973 5073 5886 1685 3085 4284 2392 2656 2098 854 1802 3937 6660 3258 360 7149 2829 6740 8289 1741 7448 1046 1779 746 2863 65 5395 6868 2981 161 3305 116 8198 4505 1151 4103 1974 1184 3887 93 2518 2321 1290 5559 6415 5536 2343 5247 6197 7968 8419 2606 3293 6843 229 1318 2572 1713 7459 7532 3658 1124 1522 261 5701 8412 8074 740 1170 7513 967 688 74 
6107 533 5256 2136 6862 4640 857 6052 6245 5459 6895 7290 1203 49 265 5204 1863 6159 6779 7542 1770 849 3659 992 5651 1791 1778 501 5426 7505 329 1030 4470 7525 3249 6785 693 5178 1011 4338 6630 8199 5813 6377 2746 3226 46 6991 4962 3716 5505 8187 4442 6640 1143 6692 4840 574 4955 4035 1435 4256 2445 629 4298 1252 2335 5639 809 5564 3158 1624 7977 252 2347 1433 3217 1337 4703 2767 3273 7826 3796 6724 4270 8309 8242 1103 5941 5035 7960 2843 
1269 2281 5401 3110 3883 36 8227 120 6872 1628 5207 6376 1569 5646 2847 8080 800 3747 4842 1693 4516 1510 4217 5383 5510 6797 2579 4176 2261 3865 4233 1096 7804 7685 4559 7698 3823 504 1916 2711 2211 5682 6116 615 8307 4997 878 2525 1304 8348 7746 4030 3444 5811 175 3262 6747 7054 7436 1064 309 6120 912 1390 159 506 7421 5885 7392 7489 2566 6774 5558 8329 1564 1596 6284 6739 3052 5741 7104 2842 5023 3557 8013 4786 3000 3121 7357 4636 1302 1366 
401 3162 2104 3237 5474 1696 2532 6632 3144 6235 819 2203 1762 2255 2195 4093 6370 5146 4410 2291 6812 667 4889 598 3613 5086 5096 523 6674 3554 1305 4850 5645 6562 4588 7652 3134 668 6733 641 3087 6225 3259 2736 434 2548 1443 3218 4253 4356 5675 7441 6590 1009 4499 4604 6317 1927 7844 8192 3183 3809 6687 5666 4799 1455 8224 7069 2601 7769 4641 1548 5318 7017 6437 4151 4228 752 1854 3488 1936 7148 8291 6255 872 2248 7473 5240 5166 3334 3960 4724 
1605 1953 344 5252 759 6665 6574 7161 4879 8387 1356 6346 296 5208 2228 1640 4655 846 4468 3365 1645 2710 7548 8184 2806 931 4463 4880 8189 8025 211 1081 346 5214 4989 6323 4811 4326 1949 6362 5612 2128 2487 3935 1332 236 5740 3181 2573 1458 8144 2103 3086 4208 1718 4480 144 3362 118 4135 4702 7688 3764 2370 6059 3886 269 5848 3810 2802 2380 6516 3494 7582 5046 149 2927 7910 4863 1537 1790 586 784 4065 3446 952 1815 1033 5617 4741 4806 8106 
2037 7479 1853 4372 6629 4351 225 2384 2440 2386 7561 3176 2869 3840 2957 5610 5127 4963 1293 4744 4143 1571 7070 3782 630 3064 8113 6994 1429 162 957 7661 5708 1714 3413 5643 1574 802 7499 1769 1678 5841 5995 1516 1549 1795 5684 8265 3247 7418 5844 2376 5526 5013 6263 6220 2747 5489 5921 4600 7281 439 3824 1923 4531 2507 3414 3913 6254 6170 527 8272 4174 6221 2762 4300 7461 6593 352 3326 2883 3843 6701 5542 5453 774 3841 8021 2463 4312 7815 8355 
7824 208 5303 4251 6391 939 1313 3297 8046 2169 833 7291 1877 5659 4608 7722 6788 2320 3083 7952 5609 1697 4383 1950 5538 5290 6124 1888 1660 2204 4682 977 7882 3667 4550 881 8143 1069 7498 1637 8316 2130 7528 3038 319 1062 1289 7935 1024 1527 8335 1939 1106 1755 6603 6009 2540 6898 1885 4045 2476 3135 2183 3947 6722 4236 2332 4508 6705 6000 7761 2628 5137 551 1824 841 4859 3327 2161 3231 6887 3198 8088 1083 4639 3836 4023 5519 7914 560 5743 2851 
5317 38 5309 6943 4446 6773 4676 1679 1774 3528 5784 902 3738 7253 4196 7411 5668 4595 6856 6736 8283 1159 1010 3046 2480 2409 7865 293 1315 2986 8370 8394 787 1075 28 3928 8178 7497 4883 1794 3876 2930 4805 5557 1187 2973 7362 7220 4515 4613 8201 5972 5954 2642 1297 4289 3879 5674 316 4690 7895 3685 6401 7427 5321 1532 757 3088 4432 3651 706 5361 2649 5535 4498 2498 877 7446 5174 7154 7543 7322 5706 3871 6771 3878 8094 1261 5123 7531 5679 1701 
8218 3583 4017 7317 3958 3011 3926 5640 2283 8243 7263 5084 823 2608 3544 7438 331 1393 6306 7481 359 7374 7899 3003 7470 3967 4668 5742 5304 4121 3078 2676 5049 6462 6199 3881 3819 3938 7835 6693 3965 4415 3227 6085 1209 3608 1274 8168 1746 3460 3098 1998 694 5456 1379 6891 1323 5180 7787 7501 847 2589 2919 2844 3348 8369 2605 6300 2568 3126 2118 3791 4991 1283 3542 6767 4611 5114 1362 7236 4510 4132 2199 3591 1800 4875 7199 8090 3869 2941 5851 2116 
8179 7971 1563 135 6191 8131 1058 3303 2769 6509 7926 7943 6792 6278 3472 7150 8077 3193 7375 4552 2771 7923 4617 419 1243 3560 3138 853 1881 332 4660 5165 5418 1829 7725 3354 3307 5047 5320 4677 5414 5893 3246 432 5669 1411 1285 5952 1334 856 2418 2623 350 8210 3566 4115 4181 4757 2181 1213 7487 4159 579 3164 7440 7666 2977 5372 6158 2921 7962 7231 3336 1014 1954 1101 53 4577 69 3975 1470 5264 6852 1505 4717 2058 4566 3292 8002 3079 4076 5159 
4653 9 2134 867 4026 1798 8328 8339 431 6469 7073 558 4888 4171 2016 6316 1963 6989 1944 7955 6473 3617 5764 5945 1370 4218 5572 7055 3691 3736 96 7098 4583 6893 5436 356 5172 190 2763 3172 4094 2456 1642 37 1887 6146 2428 2916 686 1705 1899 6495 4184 2965 709 6920 2741 5058 2784 7364 2678 2597 2329 3213 4014 1485 8440 5623 4727 6077 4650 3369 402 3317 6609 8208 6677 3342 6311 2450 2093 3203 6926 1247 8371 3752 5680 5482 3044 2680 4221 4183 
494 5962 203 2764 8414 3524 2664 6167 8399 2174 4187 4551 3261 730 7008 7843 7178 4610 4857 7695 4947 171 3182 154 2359 2190 7696 3015 2271 949 8016 4059 4911 2654 1750 7233 5441 4723 7451 898 3133 4363 2031 2775 1395 3831 3242 5070 2220 7335 6659 1945 7909 6165 2457 8363 1181 4308 2153 5242 3014 7455 2073 6555 707 1752 1436 5580 1494 8382 3714 2731 4077 7273 19 5420 1552 6224 2528 1603 237 4518 5936 3985 2706 1749 6768 5092 6156 5947 4591 2305 
1501 6134 6543 2189 1712 876 2087 3268 4443 1105 4625 7360 400 7065 2659 5939 5582 2314 6946 2241 871 299 4748 5057 972 4404 1092 8116 5750 3585 725 6549 5990 3112 4543 2127 2901 2999 2250 3953 3440 7993 7670 6416 3118 2586 7585 2557 1772 6653 461 7472 351 2732 4824 4867 3592 1535 5881 7522 2430 6022 1280 718 3289 7864 4090 3491 8263 6544 4973 4203 6569 1738 2675 5779 2125 5593 5915 6781 6298 859 1116 4392 6243 6082 3567 4215 608 6185 4297 285 
4247 4821 1919 6229 1053 3597 4903 3223 1047 2050 8207 1634 2219 6730 338 2002 7085 6526 1766 5143 4861 2099 3989 1173 1858 7113 6683 2032 4926 6139 2701 1687 8409 7163 3060 1926 7187 8134 3864 4802 2661 4167 3923 5266 7870 2625 1142 1397 6023 3267 8443 5959 3012 6392 7268 7636 7981 5388 4688 8253 7922 6923 2319 5499 7521 2300 664 6038 2018 3300 1646 511 1622 8229 921 2700 3626 6680 2976 382 5807 5385 3514 302 7846 5611 4804 5696 4649 2053 6305 1049 
3872 8276 2624 4919 5566 5435 6248 1380 697 1317 8036 24 7450 1189 2744 3968 4028 7354 3780 6079 100 6292 1810 2408 1249 4887 619 8015 8003 264 3813 3775 7464 3739 7643 2416 4760 4204 5442 8381 5493 5987 4810 5031 7406 2158 5030 2100 1867 6698 3610 5095 7248 7648 2822 7191 94 3517 1788 5292 7641 6211 3200 6554 7631 1185 7241 7830 3322 479 6333 3054 1453 5451 4716 5078 6832 1704 1273 6213 6663 8147 3969 5108 327 5162 3228 1773 2265 6560 8410 317 
8172 4951 1565 3304 7831 1319 2276 2612 933 168 1601 2527 4509 1454 4423 6420 4258 7402 7083 2439 2333 2618 4735 1878 8033 2801 2238 1414 3581 7757 4428 1405 6974 2785 3022 7275 241 1481 2631 7623 4235 5898 3142 2753 1221 7417 4711 6233 2146 4042 7798 6681 2820 3099 2821 3070 3503 1996 5072 2186 7034 7057 2779 6173 1725 2438 2004 7321 5288 6360 2761 6704 825 3822 2477 7252 7442 1985 7828 3601 4489 2474 8037 4701 3157 5501 1452 3515 913 4967 3622 7255 
2590 6903 1990 3880 6987 2464 4120 5614 2363 1521 3408 106 3487 5650 2043 4129 7833 2809 380 1578 6285 7640 1806 5699 1353 7715 3990 7948 7308 838 5862 1392 6984 354 6017 3875 1683 7588 3397 3849 3449 3504 3074 1817 8344 6828 3692 5000 2545 7129 6246 6019 3505 1999 7557 6753 4646 7953 451 3637 2954 7702 7985 5018 220 2758 2616 8194 2348 3673 466 7022 3900 3433 3602 2967 4571 1594 7701 4730 7059 4966 5472 39 2468 3684 2679 2008 601 2330 3416 6187 
8006 5624 2222 679 455 1121 1284 6039 3844 1192 2075 3489 3390 3050 3662 4362 2839 2009 3373 4118 2046 5353 687 2846 5787 7766 7229 6742 1914 5406 2890 6027 1229 1326 7457 3506 1074 7014 1346 3457 556 2759 1137 4778 3668 3534 163 4471 4316 4776 4718 3265 6034 3795 4618 6155 3230 4036 5394 5525 1745 297 16 1636 2593 2502 1764 1401 5553 6145 2854 471 6365 1980 2065 2001 227 6535 2286 6276 6413 6983 3454 7193 1796 955 6955 7367 1940 5847 8293 6470 
3829 3321 717 5528 2160 1708 970 2393 1614 882 2048 4483 3575 6477 7606 4659 101 6932 8027 3998 4740 6777 7905 7012 5170 5894 4686 2187 6582 1830 2492 3382 409 918 5632 2318 3798 6939 2953 4194 4936 6951 2067 4940 3140 2980 7212 8183 2447 6136 1633 3139 8136 5654 469 6830 3866 5492 2836 7603 2177 3973 2716 3933 1973 2426 243 1568 8054 51 5622 8149 3997 200 8123 2061 6607 3952 2637 3318 6157 2578 7183 2887 2506 4243 659 4015 7523 3929 2728 6335 
2019 276 31 832 85 3907 6884 3107 3174 427 5294 2898 2778 7729 7627 4405 6047 1257 2755 2429 3741 5050 7782 7539 406 2721 7416 8374 10 8384 3423 2251 5500 1291 6749 7293 7756 4562 4854 8305 6921 2730 6270 7179 3435 1821 5720 6707 7430 3652 2096 5956 8357 5117 6050 6321 875 5583 6551 5277 273 250 7720 6304 4697 27 1984 648 5183 6954 5540 413 1525 6790 219 4662 1456 303 4687 2770 4019 464 5429 5428 4721 6594 2668 5339 4905 3113 5768 3642 
1600 8216 7986 8166 6793 3834 5149 1813 3893 7896 1924 1437 2230 7013 2550 6021 2344 5976 3161 4340 3453 4062 639 3600 1383 7299 3152 1508 4098 4632 7201 4401 5722 5656 5618 3351 7672 1524 2209 4031 4912 6340 2449 2621 8014 7876 5957 1498 7279 2368 8177 5890 6073 7890 4612 5323 8421 3392 5465 8073 4793 5598 6756 4819 4548 5527 4777 2626 1240 1422 8372 5282 2310 2110 410 3964 3995 7135 5432 5544 2864 7496 1310 1043 5655 5574 2945 8226 7822 4306 1754 704 
1038 3837 32 2034 3939 6667 3255 4834 7730 459 5997 2404 3357 5641 8453 412 5496 6970 478 4075 592 2538 2007 548 4266 2156 3482 3518 1666 2411 1884 1349 1432 4089 884 1287 6446 5033 7580 7775 8391 1182 2105 3355 197 2221 3717 2115 801 2834 7117 5969 2942 5400 3793 6226 593 3204 1831 1553 1946 4485 7633 3902 3271 4935 7654 525 384 6419 889 4323 1340 1982 3339 8312 5202 5386 2818 4403 4794 4477 212 2581 6864 1631 4984 7314 2810 2693 2751 2639 
5940 3679 3032 5098 3718 797 2235 6455 5365 830 4762 1598 2151 2470 4412 1529 4592 6239 5064 5126 2558 3263 4050 3159 6750 3096 4445 8121 3635 7145 5785 7602 5142 6135 1912 7495 2362 2495 1428 2471 7863 4864 7628 2138 5924 1082 4239 6247 3328 4034 5509 4145 3508 4421 8206 7204 5348 3744 6965 640 6192 748 5573 2015 3677 2484 2613 2803 1242 2402 2615 8351 5754 7397 4095 4250 605 4755 8400 3274 2294 4029 563 4774 3470 248 8350 3483 4601 2995 2254 6271 
5517 7077 2766 3116 4719 2478 7931 7940 3729 7967 5419 1425 6242 3631 509 6290 6648 6507 2517 5466 5412 7748 6015 2648 1219 1665 5475 3120 5765 1444 3712 2546 2819 3465 7074 1793 6114 6827 2934 4648 5077 5728 6286 729 3430 2571 4117 7318 839 2519 6662 7684 3794 4796 6168 3931 3320 2326 1734 8306 769 5613 4097 6476 262 7616 5539 1259 2325 4988 1133 2122 1562 2084 8422 7965 7330 6486 2897 7176 3908 5730 3980 2939 6097 8324 274 4226 4751 3529 8078 3190 
3047 67 8417 2992 5703 7823 156 1328 1663 3792 3533 6811 791 4913 2460 4110 2023 589 4173 4147 7951 7712 5800 937 5433 944 3065 1155 5080 3564 8424 8156 7740 147 4647 4457 3527 5762 1799 4149 3827 4780 1460 2025 4893 966 8 5733 8407 1226 1986 5296 2059 7709 1809 3254 1842 5 4664 4325 3441 3618 1006 2703 4039 7663 7234 8403 6714 3128 3994 4369 7174 3623 7143 4262 4242 1860 4497 3612 1694 4248 4993 7084 6631 4978 6778 5056 2828 4307 1025 3315 
5346 6595 363 4603 7076 5161 4053 5425 4409 7348 2805 1908 565 5963 7196 1839 3983 8343 386 866 4627 3146 1474 6849 5677 1836 4937 7938 2937 348 476 7707 947 4504 5777 5333 6959 2825 2783 181 2712 7987 5009 4736 2978 5678 4130 2364 3982 3466 3850 4197 2106 5044 1139 2997 187 6117 7280 4554 3854 4294 2892 6513 5193 6638 5218 2092 8337 1756 4400 2202 6075 7037 3148 173 2800 6649 3700 3458 3633 8169 1868 4345 4360 982 7346 8275 1803 2331 2708 4865 
2273 8024 2663 6599 7038 6940 7517 3569 4088 4380 7352 389 6127 2813 2640 2827 3360 6759 3484 5462 7045 6126 5975 1674 5522 5160 5687 2594 3439 1590 4847 5891 1365 5486 5985 1575 3759 712 850 90 3100 204 7405 793 361 2266 1439 5859 2270 2909 2893 7718 5852 905 7679 5821 4553 6573 4593 3244 584 5664 7933 1625 3035 845 5524 3211 5410 4080 986 4479 5358 3424 2494 2865 3536 6172 3004 4839 4244 5744 5067 985 6918 5468 8141 4756 310 6381 3374 3636 
6927 3215 4855 373 7669 3277 75 7992 349 4521 567 8402 7862 1699 2859 6637 5906 1921 4238 8105 2539 4812 8022 7607 3168 4211 3197 7975 7597 5554 4492 2054 3639 6559 3163 7027 696 4939 1316 5032 3081 4691 1179 4974 3338 2530 734 5829 1554 2974 4742 2543 4079 3330 3363 6727 4501 6964 1942 3894 4872 4803 6203 5911 1130 3540 277 5010 3286 6645 7678 569 2431 1424 1617 4743 2808 1478 4425 3104 2057 3375 3698 1079 2466 7829 2888 4168 7162 541 4992 279 
3243 987 5866 7295 3848 7331 5591 8008 3409 3344 7752 5579 450 4715 2500 3572 4163 3867 4853 2301 4514 3325 5766 6661 1667 1044 1875 2697 570 4460 4399 2337 596 3778 7614 4439 1415 1719 2289 5457 5043 998 4965 2171 1997 1018 4290 2307 3590 1085 2544 6860 57 3749 8260 500 6182 4072 160 1551 5896 6556 1311 8122 4598 7339 7961 3724 5647 7043 2794 2481 6090 6354 8193 4313 1086 7200 5243 7132 4877 720 6615 5232 2929 5190 5351 8035 4009 4907 5205 755 
5211 6102 8294 738 904 4849 4040 4385 2308 1682 3860 1061 6100 4349 6217 4726 6412 2401 3733 2907 4958 5330 6669 8112 4378 3266 6132 5347 7319 8404 4249 3974 8085 2423 6152 7041 4083 836 7254 7173 481 3452 2182 7786 5543 4330 910 8258 3941 804 3559 1410 5761 5880 8392 6934 3507 8237 4081 6589 4663 5029 2877 6491 7726 3461 6668 745 6427 3331 2315 3422 7264 4344 6623 1720 4254 369 3498 826 2570 3713 7210 7035 5587 2915 6351 102 61 3401 7398 1108 
1864 3562 5055 1735 4209 3832 4769 221 2686 3222 4376 3523 7284 4846 927 3821 6449 4493 3276 5440 513 4388 7764 1089 7207 3501 6664 1335 498 3105 3095 2184 6919 119 6529 3895 8151 5980 4331 134 4918 2781 7011 8331 6752 1656 343 6988 170 5374 3568 3579 3672 2561 267 6550 4707 3773 282 789 6782 3216 8099 7545 334 2777 3036 2574 6101 995 4311 1463 6552 2066 6584 473 3857 6847 3311 4705 3402 1493 6070 7082 5836 2765 5479 1917 6499 2718 7714 2985 
4367 5545 2205 6443 6735 5868 6359 4728 98 4011 6465 620 3950 3250 388 4586 4125 2120 2206 5021 6506 4885 5487 7758 4589 2694 6074 2442 283 4198 7898 6244 3708 1461 6775 1673 3620 5757 6433 6746 4933 1870 3884 3715 3485 1389 77 4288 240 6763 5014 7957 2036 6836 8196 1420 4944 4245 6578 7836 8287 4212 5869 97 6434 8075 3076 3456 7482 7797 4448 2461 6194 7587 7001 462 3711 4915 4587 1107 1198 3746 7683 4047 3756 2537 7169 3425 5934 7419 3109 8204 
7651 7949 7096 7202 2634 1118 2088 3737 3802 4478 4928 4638 6912 6517 378 6065 7550 4630 5845 7916 6162 1235 1233 732 3742 5560 3892 4449 8267 1744 6678 311 665 4100 2674 6620 575 1307 8114 5912 6907 4910 708 6696 2830 3745 6679 4054 1087 7781 63 1828 760 1117 8354 3817 1382 8256 3654 1206 7445 2773 216 6083 1658 3495 6012 6715 3599 1582 3450 7333 5248 5312 1676 3335 7519 2131 698 7538 5908 5727 5281 105 907 7170 4694 1266 5658 497 6963 7410 
4520 6570 8377 2022 4137 2629 577 4968 3067 1238 675 7040 545 7530 2133 4234 1027 2841 5263 929 5508 3760 1250 4377 6485 1610 7642 2040 4441 2020 2551 6093 7861 7919 5273 2361 2853 1120 4335 5731 5062 3771 2723 4165 4261 3245 5584 7534 7160 365 5042 7762 4332 2258 4365 2108 392 6772 6371 3378 8069 5219 7700 7680 1648 2682 4296 1277 3606 4070 5259 7668 4567 8115 7783 6425 2322 6732 5022 3511 1385 1891 5835 4010 7579 253 4487 7311 5188 6916 2472 2857 
5935 1526 1417 8393 4956 6043 1278 6055 726 7068 5061 4037 4908 1471 4190 2208 6005 5823 4368 2852 724 5605 5530 2277 5278 8076 3901 2933 1934 292 4116 4633 1726 5445 3420 4096 1737 7033 5808 4413 62 6709 217 6264 8317 68 6393 6060 5791 7274 8362 4484 546 1384 6794 5355 510 7574 5991 6942 3905 2215 195 5431 6147 3526 5900 6374 23 3914 1363 1597 7780 5788 6803 6407 7747 7006 2000 4265 6195 900 3238 924 444 980 522 3630 4712 4455 1022 5749 
1760 3595 1570 7289 6078 8444 7039 2870 3361 1354 994 7351 4739 1807 7044 7265 5830 3689 771 421 2894 2614 7476 222 6178 7619 3956 7159 1480 4324 6961 3604 7443 4046 1352 6899 5771 943 1841 4222 4430 5855 7982 8083 3833 4785 7586 7353 3660 3178 5663 7503 1804 4578 7716 362 7439 1469 3732 7025 11 5825 3675 4276 2278 3462 2290 776 447 6508 7259 3657 7610 7300 1540 3650 1303 2881 4532 4260 4271 7689 7809 5858 6081 8023 3993 6751 4959 3034 8423 1358 
660 3621 5255 1398 8146 7393 5634 3405 5139 2179 5228 1816 5686 4569 6429 7140 677 4994 4064 8159 26 4038 8219 7777 4734 1615 8119 4645 4275 6883 4476 121 8313 2987 5405 3663 6094 7558 5416 4530 1677 5053 2655 1246 138 6200 6406 2705 4746 5693 5910 672 5685 7128 5083 3412 4486 3785 7941 3323 3825 1135 6281 6057 4407 1153 5546 6810 4464 6133 5909 2317 1371 7751 1448 2397 1852 4292 5150 6084 3688 4144 6565 880 4112 4379 1041 6978 5279 7872 435 7900 
6809 663 5324 8098 8052 2354 1220 8425 2955 4693 7260 1406 8058 6651 2835 1947 6795 7049 2178 1792 4539 5068 6741 5615 1988 3147 7227 5735 4979 5575 6500 3645 7205 2658 1329 782 7490 6892 6937 3184 528 6369 1077 4981 1832 948 6 5707 843 3097 3279 5265 4169 1533 6206 2804 5857 6257 3889 8233 3972 8401 3512 420 60 758 3909 3073 8436 6969 1048 5497 4496 685 288 5427 6089 5967 1550 3127 6977 2832 7502 1732 5723 2227 7681 8007 6729 4414 1172 6072 
6042 7635 1357 5283 5478 2555 3696 5221 8251 1751 2722 6538 4565 4575 7906 3364 3934 4620 1837 7480 8264 7243 6706 1205 5629 7325 7428 4303 938 7816 6504 8028 1843 961 7209 2509 4370 645 7488 6373 300 6040 3175 4555 7583 5555 3419 7369 1915 1856 2724 1977 2406 6411 1391 6869 7810 8318 5144 3474 7794 6796 6627 5592 6111 6458 5513 1268 616 76 2249 6296 2398 52 5216 6258 1928 2905 1171 5665 3143 7224 1129 7852 6902 2162 1167 3370 1731 3765 6938 4422 
6841 1989 8451 4922 6091 5054 4304 4241 2958 364 999 3280 4899 1707 6561 1234 1576 6214 3976 6515 5463 6492 368 5319 4073 7189 1496 3704 8065 7601 719 4417 5943 2459 2848 4758 7874 3421 224 8334 5837 8174 1855 5776 6122 5222 4440 4568 6577 868 6399 6076 1861 1900 6591 2774 2085 3632 1211 5644 7185 7475 3541 2952 3298 4408 4052 3580 7969 5237 5356 4188 2547 3329 4435 1214 4737 5028 5958 954 7691 8232 6808 5389 887 2074 897 4519 3643 201 5234 1492 
6196 4310 1918 8104 7088 962 5125 3253 6294 870 256 1376 7704 4838 5512 4770 422 246 4985 4195 3160 4469 3236 5244 6230 7778 5820 5899 4302 1361 5993 3403 5314 7839 2349 5093 6186 5770 6558 2483 794 6390 4263 2304 8049 5804 3535 4314 587 5187 287 8437 930 8212 1717 2714 341 1827 3774 3589 3071 150 6567 3513 1805 7373 6685 3646 5856 7144 5226 2257 5725 1427 2526 4624 3358 2932 3647 470 5570 1282 5843 7474 1438 573 2838 6218 1497 7188 4373 5362 
3978 6929 2351 6496 1188 673 8043 5344 2078 4900 669 3165 3751 741 2253 3962 8397 6282 2035 617 1970 3281 1959 1251 4213 6062 3693 8450 3873 357 2089 7222 5803 6861 4291 3287 7526 8103 6889 7251 1850 6422 7638 6188 6237 5274 136 604 799 8153 7309 5359 8044 544 5338 411 4454 490 6688 1152 5336 1331 7320 2645 3727 7182 4278 7743 5507 4538 1015 5025 266 5284 6467 5052 5191 8061 6798 2486 3045 5704 7168 130 3695 7127 6013 4596 516 3427 3851 3525 
4534 2635 6532 141 6319 5267 2699 7340 1381 5002 3399 6766 3066 2726 5167 6514 7888 5364 3431 2298 632 379 1312 3629 2956 7770 7995 1296 8365 2399 8415 4138 2003 2505 7023 1350 3 3966 5173 3356 6723 8295 940 747 1145 1076 2989 2412 6307 3943 3310 3820 5241 5363 7934 8303 5140 5020 1538 4835 3359 2871 6447 268 8154 3582 4594 2448 454 1991 2787 6215 4950 1507 5444 3858 4666 6571 6695 6452 6745 3961 238 1675 7379 5302 6949 5109 5376 4831 1987 5293 
2688 2754 5705 305 749 7650 5875 5876 4800 8308 6177 7885 4495 143 3957 3206 315 550 4667 813 6935 4775 2414 1593 7947 5299 4999 40 3611 762 5840 5944 5861 8439 6533 6080 895 8315 6130 5069 879 2038 3546 4704 5271 7246 8271 7983 4830 1195 3509 4916 8457 177 736 6350 5767 599 1351 6553 4533 1876 6990 1775 2453 1013 3815 3201 2522 2672 1228 4286 4355 811 4128 6380 493 1409 3734 2451 7665 1256 4848 3755 7467 7167 4158 1892 7384 6283 6960 2328 
7237 8434 1808 990 7936 2366 3340 5378 2338 2840 5121 21 104 7973 883 284 3448 155 5657 699 2886 153 945 3797 2903 4843 4104 5382 1111 4456 7142 4274 5838 430 2327 7131 6619 3372 4823 1840 6760 5402 5627 7257 7796 6905 4364 1292 7363 4482 358 7553 5946 5449 8396 8160 4329 3948 4384 7266 4809 2079 4156 1333 7811 6180 7812 2044 728 5335 4542 4549 8041 2246 5103 1149 2971 5027 6445 3816 2236 4394 1993 6697 4767 4419 7337 79 661 906 3570 1063 
5676 618 7649 4500 5254 2164 5649 4382 30 8342 934 6563 6405 5792 2225 8388 4590 2407 4503 1514 7125 2516 111 7336 6103 786 1567 7750 4406 989 935 1542 582 44 6769 637 5726 649 4491 3341 5604 552 2237 8380 5460 4945 2760 916 7271 6266 4886 4798 908 6814 3063 5846 2735 18 585 4361 5408 396 561 5783 2462 5354 8139 1019 723 3904 3002 8091 7577 2533 5914 6973 7310 393 2113 2600 2280 7356 6656 4732 5853 1966 7063 983 2696 2173 8108 48 
183 5375 6269 5437 4057 7706 301 7261 2095 7350 3587 5882 6417 8261 3649 7359 7520 5192 1818 4772 7288 7 91 1174 3979 5977 4069 5608 824 2826 4920 6112 2312 6426 13 4018 6626 3783 914 8352 2534 674 5138 7891 831 5099 3077 6487 5316 1513 7238 4689 1727 58 1141 7462 6424 852 3410 4953 5120 3102 6851 6710 2052 6403 6209 4153 5286 4813 2275 1721 6527 4544 4788 4334 1995 1730 142 4319 4749 6475 1929 7653 2831 4980 2860 2523 2191 8340 6063 803 
6525 6223 4764 6272 3804 5326 5697 5012 893 6854 2889 777 4814 576 3730 6280 4942 7139 2824 1626 2311 1088 140 2580 5547 7911 6379 6166 5179 5833 5759 2638 1040 3863 8349 2345 4637 5637 2619 2284 326 1650 2627 8299 5502 888 1072 3283 4494 591 6313 1573 2201 903 5871 1059 3192 5017 6999 2529 304 5024 4948 6268 1123 781 6863 321 3516 6725 8167 1132 66 2698 1036 2687 2396 5628 5902 1412 7950 3776 5790 6608 2704 7856 7989 2313 3520 278 1367 6821 
390 6202 1113 4466 4411 753 3786 6966 8209 4817 7184 4536 2595 4225 2786 1520 1558 7736 4906 3891 3921 123 7286 6273 6922 1938 7471 1901 2552 2673 6489 7010 433 1759 4124 5532 3916 1608 7540 5081 2873 1669 7175 6018 4924 5360 5206 1486 6530 5799 7825 539 345 4745 7537 6541 5774 6726 1689 438 3502 3349 6471 370 3057 4273 4436 4714 7966 306 812 5588 3874 5942 7197 3763 5223 4056 488 4354 4426 5380 417 6301 923 1943 5887 5982 4092 4573 1898 5332 
6548 5653 54 205 2662 8432 4357 1592 1883 2488 891 4558 5621 814 5039 1611 6839 1146 4546 1723 7674 772 6183 5119 4427 5831 3224 5189 950 5955 7760 6498 2051 8070 5350 731 6986 3092 515 4990 6511 2739 6985 8286 8082 2340 1688 5007 5745 7724 1093 3846 520 2385 2135 3084 5828 2132 4902 3930 5504 5085 3920 5016 571 4240 2382 2899 5051 3234 553 2198 3391 6624 3538 1199 4754 6786 6121 6846 5076 7000 3842 7315 4868 4101 4474 6844 7837 4635 8142 17 
3903 2709 6339 5467 5778 3862 1894 7590 4801 4490 4352 6612 5461 247 5552 3019 4921 3925 7477 3910 6260 996 5153 844 3476 8220 765 5484 3207 8176 7072 7576 2496 1543 8254 6936 495 7122 1643 2295 5732 6542 2269 489 3205 213 4063 4675 5531 6161 5200 3395 3333 1547 3031 5141 5079 5148 2434 333 1440 6545 5311 3068 2948 6931 2874 3479 8376 1466 3131 590 5719 6044 5301 2216 272 7877 5711 5156 6585 7394 7744 5112 1194 750 7813 7559 8150 3640 335 8266 
3309 1536 6493 7645 3616 8323 978 6878 1407 4397 5185 5648 2422 3853 2030 6924 7792 502 2752 5245 6389 5197 4005 4048 8310 4293 5157 997 2789 6143 7404 167 5129 4189 1910 1122 1301 5964 3415 6831 7328 764 3539 7795 2510 5718 6602 7195 5100 1935 4820 8079 6713 7799 3387 6385 4155 8378 1826 1504 7814 1659 3839 6761 1591 4230 1394 416 3861 5439 3766 7693 5352 7708 1100 2070 7873 7682 281 3496 1761 2644 3762 4160 5516 7834 1907 3656 6071 232 6819 4396 
59 128 3625 1475 4512 6886 4025 7568 5438 2817 5036 1431 437 6045 1110 8449 4535 7372 691 6334 2683 5215 7808 7632 5607 226 1559 8181 1102 7932 47 7791 5667 869 4669 4431 6184 6056 4904 1978 7924 8001 7731 2959 3768 2652 7403 5872 5008 1126 8062 318 1937 2458 5702 5518 5065 8032 463 3547 7371 8042 7399 228 7380 1561 1703 505 425 199 4750 4773 701 5041 3124 4818 3053 6275 1175 7112 6253 4339 4044 4929 4424 4782 3380 1023 7444 191 5818 6141 
6428 4768 5877 8416 2585 965 6644 6238 7755 5919 2733 2303 8148 821 6840 6137 657 8195 5270 2740 3210 6267 1823 5490 1368 2602 8252 2975 4672 452 6967 6361 7401 7625 8117 7239 5753 7657 3429 6142 7710 1844 6430 499 6004 1581 291 145 33 7604 6917 1344 6312 6287 1668 6400 5867 1057 2968 8358 7596 4126 785 5393 4692 4358 3486 7332 5011 6628 5209 6639 6456 4665 4695 5305 5690 936 1621 6001 8197 6163 8314 6105 1509 7611 6274 4008 6349 4670 8093 1125 
2515 8048 7510 408 5698 1191 8026 7793 7166 7100 5368 3835 5565 5950 5652 475 4041 595 2188 614 6367 7365 5213 4475 6512 6358 2350 6025 5918 196 6720 3800 223 5087 6671 2920 3150 6992 6807 2514 5953 3337 294 3291 1865 2239 6067 8107 6251 8280 4925 6332 1814 6481 477 453 6148 1904 8383 8053 6996 1263 894 5176 395 6033 3123 3464 2845 3607 2107 1223 6737 2681 5102 5889 8435 7075 8213 5971 1671 3061 622 4572 3478 503 2357 2996 1695 2584 206 7944 
4713 1932 1442 7326 2091 5331 6002 3251 3638 6088 6026 405 258 581 7907 496 2768 1572 3264 3272 8018 8428 7456 6654 7460 4685 5734 5839 6382 8426 1670 6804 45 6344 3545 5713 7005 2553 7524 7741 1094 4336 5059 257 3090 7136 6387 6945 1138 5515 6757 6201 260 3882 6035 8086 42 2060 1965 6328 2226 1511 5169 4387 6611 4071 6003 7565 822 8126 2196 5511 7048 5567 6460 8454 7998 607 848 103 1635 5983 6617 174 6297 960 324 7504 8290 1204 5224 4599 
4109 4795 2943 2013 4725 993 6834 2388 7032 6845 8234 4917 6459 3089 7115 1519 3951 4964 6049 1196 4890 5670 3492 3149 7018 2082 5724 8302 4433 7556 2575 5537 4067 3898 4522 275 5341 7126 7270 1090 2425 1681 3890 3386 2646 1459 2260 7447 6171 5152 3787 6835 6123 1227 5334 2923 7492 5715 6457 651 926 3769 627 624 4459 8056 7058 8132 1237 8223 2068 650 4506 2743 6347 5928 3627 1451 682 3490 108 8336 5246 6069 1851 6691 735 2807 7334 7478 3634 186 
4350 5827 5775 7737 4661 6675 2243 2010 230 7019 6327 2504 2878 1664 3396 4643 4986 6890 2660 865 487 5003 808 5182 2891 6718 1544 5748 5642 7536 5822 6876 4527 4626 7283 313 6031 7868 1976 6576 127 1045 8211 3229 6355 7554 6621 658 5295 6976 4537 5736 5772 7512 6295 8429 1201 3324 394 4193 1587 5873 3565 4437 2117 6867 5195 1399 1169 4878 7003 6881 7466 7608 355 7358 6575 7647 2069 3185 3332 1372 7711 7312 3992 5381 7493 2417 1503 7303 137 7564 
3240 7269 5986 6857 6240 342 6029 7208 4434 6160 5325 2849 702 656 8462 2296 7056 5373 7211 5786 1071 3531 7381 3379 5638 7518 7784 547 3141 1162 6259 2497 6925 3781 5045 1275 2872 5387 3624 5709 2607 4465 7742 2358 7902 29 4752 3043 5520 6528 7323 3189 322 2823 3111 2554 3059 1518 5595 4961 4150 2285 1386 855 763 2145 780 2413 6099 7832 3812 5606 6104 340 7086 6906 6524 3101 2367 5063 3682 2467 3075 1026 713 7759 5260 5948 1245 2636 5568 2972 
3790 7745 5105 2029 25 7858 8446 964 381 8427 4178 1150 5826 6303 3945 7155 7920 1797 484 536 1342 5590 7620 6410 7213 2223 7639 2435 254 7929 3655 2576 3750 4722 1035 6850 6666 1472 6581 4995 415 4856 7988 5692 5464 7963 3676 3767 4458 6540 2994 2403 602 2727 3588 367 6908 633 2102 2126 2452 7789 8431 7338 2086 1586 6252 5981 1920 7267 6205 7031 7942 1975 7138 5901 2884 3801 4852 3551 2356 214 43 1286 1619 7024 6598 7592 7306 4429 7573 4267 
6208 7884 4765 4061 1244 255 6557 3723 6572 6953 209 7717 6928 2962 6930 1197 7258 5913 2410 485 5396 131 244 2014 2232 922 3915 862 1690 6546 6800 3521 6716 512 7036 3977 981 7612 3680 3072 1787 148 8140 2850 1324 4295 5343 7546 7785 2720 4892 192 1822 7078 6324 1958 2609 3136 4952 2795 1430 22 1835 3025 3016 3220 2917 7141 6734 7097 1672 3701 7728 3009 5289 2900 2369 4895 6128 4268 654 3048 5561 1644 7939 3548 7677 2782 4733 6008 4698 7664 
7719 7060 5854 3233 7071 8170 7883 5229 2604 2931 681 1902 634 467 6805 2141 1490 2005 8095 775 2641 5422 6894 3353 2963 1338 8375 185 2503 1258 2684 2389 5801 2531 530 6174 2387 4227 2910 925 3777 6652 6586 5850 6642 8215 2247 4807 7099 7658 6802 1276 7198 6997 3702 7886 3145 4346 4246 7426 491 8128 2692 4007 1016 1309 231 5984 2569 2725 3196 6866 1632 2559 566 6979 4700 7485 4 7927 7727 6518 8005 6566 3719 5145 7849 3343 2816 5391 4051 6181 
901 806 3010 7593 6016 2152 4836 7298 1801 6384 3394 6329 1200 6438 715 6605 5630 631 1523 2880 3275 6164 2895 2587 92 798 540 371 3970 72 6596 1971 3411 873 7221 6672 456 2582 6342 6357 3725 4808 7978 3615 2950 6402 5275 3170 3039 7111 6826 768 5660 1783 7302 1599 2562 7304 578 4851 314 4333 6309 8292 3212 5712 6980 621 2715 8124 8039 2799 8413 146 2583 5217 4021 6539 932 1299 8442 3352 7686 7109 5769 6383 5434 7555 7817 976 666 7225 
3027 3257 7324 5938 7095 4322 6719 7186 5781 8067 7544 4570 4729 3550 5113 4179 5626 7147 3758 4175 5287 3294 8301 3510 1166 6865 705 1264 8164 6743 8173 5001 3644 1765 6521 5291 4972 5832 7509 4375 2242 8072 5805 7228 6299 3285 1931 3202 5448 2129 6673 507 2424 4828 6703 5315 6322 6338 2063 4148 5842 5251 1320 86 4232 7827 700 6799 613 4556 3594 5038 1177 6409 7738 7345 4305 559 3811 8406 1034 2940 6423 7425 2592 1698 8071 2633 1402 1180 3384 7192 
7749 6046 5227 89 6440 6048 1148 5116 5198 7042 2372 1849 3500 2565 984 3418 7305 5581 7465 3728 3151 6519 6641 4374 4447 1889 7771 3445 4930 956 7050 188 2045 7866 1447 4975 7165 8030 449 1811 1202 6198 7422 7838 2274 2446 1555 6368 486 7622 1215 3896 2499 7226 7912 4033 4606 6950 572 5006 7494 1298 5091 3927 4285 6502 1767 6911 5233 3256 684 3001 911 112 8060 6875 6897 1207 1903 7181 7453 8297 1042 4634 8135 5470 7087 6378 2902 2309 2455 3477 
514 6858 6153 2149 7240 1502 7699 1021 5895 778 7818 4301 8222 2866 4170 2647 5925 7116 4927 7157 1388 4914 6789 114 7767 7230 6318 4207 5860 5379 2833 1208 2234 2984 7892 1630 2707 2292 6480 4673 2244 7999 5371 8096 7081 3366 754 4219 7486 3918 714 7613 2353 7094 5158 176 3530 1080 1369 1700 6011 2536 2336 5514 4652 7454 8418 636 8000 3721 1777 3117 445 6874 7278 2432 1710 2501 4696 7739 5576 7395 7506 7370 4013 2233 6820 4597 858 4946 2691 4113 
2231 1413 7484 6770 7848 815 2993 7578 1028 6684 107 2677 7624 3788 1127 4822 549 3106 5392 2419 2908 5548 695 8364 653 1655 8408 1545 7637 2521 3130 7690 6614 2441 3167 307 4931 6228 1128 2072 2218 7572 1446 3132 6904 4141 113 7120 5313 6488 4557 1272 5563 286 3093 3628 6331 692 4320 8081 1112 4874 7130 5322 8180 7137 3443 4060 6915 3571 2042 7859 8236 4420 2352 4114 7903 1377 6531 7991 3549 6975 5471 3573 642 4337 6765 8433 7413 7412 5672 337 
7609 5377 4161 4004 4671 6896 6397 7051 3598 1880 50 829 8304 8332 7378 2192 7763 7908 6478 2913 4467 7928 4281 1500 1308 6110 5074 4881 3437 239 5238 5815 4134 1473 2491 480 6522 3986 4949 2124 3018 1114 2444 6842 7765 5992 5005 2109 4205 6179 7753 5931 5090 7432 2922 1020 7004 2420 8100 6096 6738 644 7368 7153 6398 1418 1378 1097 3665 5817 5476 5239 810 280 3252 2896 7598 6647 3388 594 7009 4277 353 6597 8353 7080 2279 1073 1482 328 716 5124 
1253 6207 2268 1716 78 4398 2041 8239 1651 7297 3699 6265 4656 4654 6503 600 5300 3576 5177 8257 5739 1702 6947 7287 1300 460 5601 1627 6636 4317 885 7343 3664 8064 915 2214 2793 6568 5714 7468 4199 4453 6853 443 7219 4119 81 6345 610 3169 5118 152 2610 6616 4162 8165 4871 4206 2490 5988 6232 2437 2812 7386 1722 5721 1400 7800 2549 4844 7671 1115 6451 2400 3922 8110 3481 7629 6250 5533 3906 5171 2588 7171 2563 6613 6580 4678 5589 139 5864 8118 
6219 6721 3761 6791 5276 4201 2168 7779 1032 2756 1969 8268 6216 2341 6461 347 5430 7802 7214 2011 3154 7247 165 6231 6962 6212 8191 3687 6448 7945 2081 8012 4681 3703 761 779 623 597 3911 2689 4438 1168 3155 7002 6824 5904 1343 6169 7901 6817 4192 7805 1119 1654 8389 468 8205 2936 6711 5366 3614 2906 1957 1517 122 5390 157 129 4858 1733 6993 2172 2071 8188 4111 8171 8068 1739 5780 7423 7570 1577 3398 7376 35 7133 3288 5968 4784 3558 2867 8089 
3919 5015 8445 418 3897 7879 3115 6109 3681 5633 6279 5695 7341 7527 5903 4882 424 4085 339 2690 7768 3814 465 2427 6336 2207 6086 5814 124 5404 4342 626 1098 1684 3005 7090 7994 5413 2259 5620 5883 397 3917 4789 3417 8278 3807 3586 3838 6020 6783 1002 2695 6474 1186 4616 7516 4584 6341 4347 4747 1241 8250 2776 7806 1147 3082 7020 1484 4074 7887 2263 542 4862 2520 6815 5596 1156 2155 3221 7114 7194 557 2757 7110 7107 3740 198 3404 1423 336 3932 
7250 8186 4987 919 1948 5399 7007 4082 7232 554 5384 7867 5155 383 132 2966 5398 6054 8084 1753 1158 5132 7146 2055 5135 2143 1941 8356 603 3670 2670 7514 3731 6032 7385 1091 1557 5257 7355 2717 6784 1895 7400 2144 3946 3367 5458 8241 7732 7249 7387 8248 6189 5494 3754 3451 2513 7327 2970 835 2858 56 8019 3619 5694 5089 84 193 4623 6806 1736 8029 6643 2170 5443 5671 3260 3347 2101 946 7917 7158 5225 1163 3870 1662 2094 5556 3020 7437 4738 5932 
164 3122 1067 4891 3779 2556 5329 73 1968 3023 4123 5203 70 3987 7415 6900 4761 323 5916 3563 5019 8047 5454 6394 7894 3847 2935 6776 2381 5175 3308 4472 2154 7282 5577 8386 7106 4976 6066 7667 7551 4086 7600 8459 3432 7108 7535 7617 6717 6343 5802 7984 1008 7052 2964 1819 6421 8458 7847 2591 6395 988 1084 6293 6396 8420 1922 3808 4526 1639 2885 7272 1445 8259 6816 3021 6694 5550 1330 5597 1955 531 4133 6277 3697 4791 2097 4177 3153 8341 6818 4816 
5960 7483 4389 5636 7180 7344 4259 1314 5094 942 2947 4614 6870 7687 202 5134 3522 3991 8228 4642 8063 7030 5870 1862 2017 2159 6118 1017 7223 14 5978 7589 4452 2323 6454 1782 6442 7118 2111 4932 7029 3091 2969 308 1566 4631 770 3299 312 7434 7342 6505 1462 6193 4511 1530 4140 1909 8182 7124 756 3434 3770 8338 529 251 1784 7103 5168 5737 2511 6635 5184 7618 8240 5423 7541 8322 6472 3232 7245 2938 3428 8269 6948 4837 1464 3561 5297 1140 1834 472 
4896 5349 4450 1210 7630 6024 4108 1039 6320 2998 8214 6262 3924 2737 1602 5340 5407 2383 5034 4564 6210 733 2433 5631 3666 8055 7976 5849 7869 3940 5926 5231 5949 5230 5337 3302 1742 7930 2564 953 4996 4580 7285 4185 4131 7424 1560 2912 4560 1160 6728 1416 6432 8009 1641 3314 6154 3129 5485 4938 8347 5752 2479 7390 8277 298 6882 1157 6968 5082 3376 7803 8398 5131 4172 8011 1546 3845 6418 1638 4231 568 366 5920 5328 3537 5212 5865 3156 4943 7349 5930 
184 3345 4381 3013 1886 446 2282 3296 3173 4529 8300 1528 4720 428 2473 4540 5503 1882 8333 4706 3954 3389 6838 2167 1512 3686 2983 6291 2339 6588 5060 6051 6622 6375 3188 4032 7313 5164 2944 5040 3313 2210 7458 2299 2021 4781 5269 3748 7807 2139 1265 7660 5879 6952 4502 5746 5683 5586 1657 1218 8395 8345 457 441 7774 8464 4901 5491 3186 4006 2868 4049 6064 6587 773 1972 7262 4012 3859 4327 4473 8325 1154 6536 3171 458 2375 7431 2837 6256 2028 2200 
4127 5571 6068 3999 8101 6689 1647 3772 7216 7915 1743 6234 5342 6061 2734 7508 6650 2185 532 4287 4418 1933 1981 5602 7705 7841 2262 8120 8162 8379 8059 6131 1212 2119 5673 5523 2918 8368 4541 1217 1099 6712 3062 7105 2047 2224 3094 5417 8262 1964 4970 249 6129 295 5280 7959 6140 6848 5409 2415 1487 3912 483 6971 7997 5756 4513 414 8390 4359 7172 245 625 2006 8249 7177 2960 1715 7361 2508 4283 4157 2252 8373 2475 3393 3826 2542 4982 6910 3463 7215 
2665 7549 4787 7964 7790 2379 7974 5421 7889 166 6356 1506 543 2454 7605 6053 1686 436 1653 3757 3119 1078 3671 1224 1706 4507 1728 2395 628 2147 1321 8138 55 6877 1623 7754 2175 2121 4321 3868 2904 133 4827 2256 643 5966 1271 2026 3480 8327 1961 8320 1144 7391 7235 7788 8296 6030 8311 2229 7675 5710 7723 851 1232 788 2862 2790 6829 5194 1776 8175 1979 3942 207 1866 5929 6176 126 4779 2796 4200 182 2163 3855 3726 737 3006 5147 7878 4894 7897 
7511 5989 7307 3368 8447 1747 6501 5917 1374 3008 6885 2541 2780 6058 5599 524 3885 1336 4699 8461 4099 7857 4860 7092 1031 7021 3806 2077 3371 4869 7562 7820 5268 6310 5506 7990 690 3852 7694 1691 5452 320 8231 6453 5888 1534 8092 492 4680 4461 4923 4684 8050 6913 7408 71 5616 5249 2982 6314 215 4524 6388 8158 7615 7242 3069 5747 1911 3407 3269 7206 5927 7821 8463 8244 325 5130 7721 1967 1294 6483 805 3214 4517 8111 7396 7673 6822 1178 7067 1556 
3661 2193 2012 8038 5551 2875 721 727 3295 8203 235 3385 4210 1539 8129 1230 4020 2577 1879 6150 5075 1789 3552 974 6972 6604 7801 7703 1004 6007 7734 1360 5996 1709 1780 4139 588 6646 6995 963 5979 863 259 890 5186 7594 80 210 5717 2142 6436 1467 792 1029 4622 5262 3194 861 4105 3239 1992 3609 1499 7560 6859 7676 7855 6028 7301 3955 482 5819 7980 1 8274 4024 7595 2951 3040 2112 5798 2378 5796 8326 2811 6435 3346 6702 5521 4309 7904 4545 
8137 6708 816 7463 5816 2988 795 1609 5812 4087 6366 8145 3493 3199 3799 6151 1595 5446 8087 2213 4829 5973 4753 8330 4328 1771 4279 796 5403 1355 3899 2342 3241 837 1037 5111 3678 4016 5473 7733 5541 1758 4576 3694 7970 2719 1225 1255 6302 3981 179 5933 7329 5892 8235 8102 4220 8202 2123 4644 4832 7435 7599 3041 2056 562 7294 7956 2882 2961 3301 41 3051 8321 2599 7854 2245 2485 6657 899 3648 6780 5411 6941 4998 6700 6227 387 1254 4348 4091 1763 
4237 6138 7134 8040 6222 3312 5298 6325 4797 6372 5773 1375 6348 6261 662 8057 7937 3996 6755 6901 968 517 7571 638 7515 4969 6944 7842 6115 1007 4954 1724 1465 7662 1001 7533 3316 4615 4605 1345 676 6175 6748 2264 7972 2653 5151 1262 8359 3556 6523 4343 1661 6534 1740 7026 1222 1680 5562 6670 4416 4826 5923 2524 1403 2024 2365 2217 6823 5088 1491 7507 4833 1618 7979 4585 1930 6241 7529 3058 2702 971 3497 7851 6787 5937 6610 4629 518 7881 4390 6699 
7692 8346 1457 1052 828 151 8247 7277 1905 8284 7563 6537 2090 975 6337 3426 404 8155 4708 2990 7152 4898 2377 1483 1279 3603 3519 5097 4269 8152 8273 5529 818 909 5681 4444 1847 6308 7047 6439 5210 5834 1005 3017 4525 83 4280 538 426 744 3593 2157 8405 3103 7996 5824 8441 2293 5691 5327 951 1616 218 635 2745 2240 4001 5066 609 4182 4191 689 6010 5477 6510 6108 8319 4771 6404 2567 6106 2302 8200 8456 2267 5806 189 3720 1606 1579 1419 172 
2650 442 6579 3290 6633 34 6813 2 7016 3577 2287 7567 8288 7121 8125 1620 7918 5603 7773 2924 7581 3959 3029 1003 5110 6686 7244 5793 2729 1104 3319 4528 4602 4657 3963 374 8460 5897 2033 385 8361 7093 125 82 3037 1874 4581 4393 1288 1583 7164 6837 3674 1267 5716 7217 4971 1468 7296 5480 1281 1962 5133 7064 6564 1231 4146 1359 2272 7389 5450 6888 2622 3049 7420 6909 6825 1070 1068 6690 7584 6998 5307 860 4341 7500 5004 8298 7203 2064 6288 5549 
2049 1531 5154 5115 398 508 5495 6880 7061 4299 5397 7954 4402 6353 4068 8109 4709 4264 5220 2791 5994 7053 7190 6625 7591 6764 8438 941 1364 2911 1000 6956 3803 399 3125 290 3438 6149 1054 534 4214 3596 6744 2176 5026 7388 1306 969 8385 3830 2713 7566 2166 5782 3475 3971 6190 7102 583 3789 1604 3722 3828 3468 2876 3209 4154 2630 3459 5795 3406 1056 88 6414 4683 8367 2788 8360 1983 7015 1893 6119 1729 1612 3555 1757 8031 6386 920 6592 1951 2949 
817 1387 8245 4315 5689 1396 5907 7552 1421 6037 2991 6144 7276 169 4934 6450 7366 1426 2669 6873 3219 6958 606 4607 2772 4845 1872 12 5878 1857 5635 1613 2297 1952 4272 8097 2180 3753 6249 6444 4710 2391 3805 842 1588 5483 4609 4229 2596 5196 4122 2738 8161 6758 448 474 3584 2671 5760 1488 1607 1373 158 3532 3856 1095 8185 7946 3137 8051 4582 6092 1051 4252 5447 5594 5181 3177 4223 2914 5662 1859 2598 680 874 8045 7845 3442 4825 6490 4136 2603 
7256 87 2666 2657 4658 7491 5369 8017 6468 555 7569 3743 896 4815 5999 5308 6482 1580 7079 1711 5974 7644 6933 6466 5810 5729 8163 7089 5199 991 4003 7383 6833 4792 4255 4102 1050 2114 743 8270 8366 7697 1838 1845 5037 4674 7735 2617 3683 3400 710 1649 979 4224 8282 2489 3578 7151 5951 2465 5789 840 7409 6547 1270 3710 8238 5201 7575 5998 7634 7853 8020 7860 1161 7091 1236 6125 8281 6655 6363 6497 4561 6957 1477 1781 95 4619 7893 8452 1871 3284 
8255 1055 612 7414 99 2355 5345 5128 2632 2137 7123 1848 4353 3641 6494 5738 5569 8004 1295 1216 6658 194 5122 5863 2421 2856 6731 4202 3270 5101 6682 4983 790 6762 2611 377 6879 5700 1183 7028 6601 2062 6871 5071 2879 5415 3653 7066 4395 535 4481 1897 4897 6981 2316 6464 6204 1584 3278 5905 7875 4960 928 3690 7655 4186 1449 1692 1408 1190 5104 6618 4909 7713 2748 403 3818 4731 4563 1066 3235 1193 7850 8279 1136 4257 64 5688 2140 6484 6289 270 
Secuencia creciente de mayor longitud: 
7412 7413 
Execution Time (Microseconds): 187268
